1.0 9061.2444999 7598.78356769 5453.84157913
1.01 8201.1381126 7815.07086584 6030.42074094
1.02 7717.57348162 7698.52226883 6343.64500986
1.03 7444.13255167 7510.81179353 6480.92577658
1.04 7286.11956163 7354.4797908 6530.79511708
1.05 7194.78581415 7256.42208529 6547.04467756
1.06 7126.98591668 7188.06185734 6519.58852368
1.07 7082.15953864 7163.96767883 6506.70094128
1.08 7042.37612842 7152.76108421 6475.32247992
1.09 7005.95469678 7151.64042475 6446.18533737
1.1 6976.81755163 7162.28668964 6432.73742547
1.11 6943.19776895 7165.64866803 6398.55731619
1.12 6918.54326178 7180.7775708 6385.66973405
1.13 6891.64743589 7188.06185734 6363.81687744
1.14 6865.31193983 7197.02713309 6343.64500986
1.15 6846.82105969 7210.47504674 6336.36072436
1.16 6823.84754202 7211.03537647 6310.58556036
1.17 6805.91699171 7222.80230094 6304.42193421
1.18 6786.30545236 7227.84526858 6288.73270401
1.19 6766.69391308 7230.64691727 6272.48314421
1.2 6754.36665986 7241.85351205 6270.24182562
1.21 6735.87578006 7241.29318231 6248.94929905
1.22 6724.10885659 7250.81878788 6245.02699153
1.23 6710.66094407 7250.81878788 6231.01875041
1.24 6694.97171284 7252.49977711 6220.93281683
1.25 6689.36841599 7260.90472322 6222.61380576
1.26 6674.2395145 7257.54274477 6203.00226827
1.27 6666.95522861 7263.70637192 6203.56259791
1.28 6655.74863495 7263.70637192 6192.91633473
1.29 6643.98171164 7263.70637192 6181.14941229
1.3 6638.37841483 7272.11131805 6185.63204941
1.31 6628.29248058 7266.50802063 6167.70150095
1.32 6622.68918379 7272.6716478 6169.9428195
1.33 6614.2842386 7270.99065857 6161.53787493
1.34 6604.1983044 7270.43032883 6153.69326
1.35 6603.07764504 7277.71461548 6158.73622674
1.36 6592.99171086 7269.86999908 6142.48666726
1.37 6589.06940312 7276.03362625 6145.28831544
1.38 6581.78511734 7273.79230728 6138.00403017
1.39 6574.50083156 7272.6716478 6129.038756
1.4 6571.69918319 7276.59395599 6132.96106345
1.41 6563.29423808 7270.43032883 6118.39249294
1.42 6560.49258971 7274.35263702 6122.31480038
1.43 6553.20830396 7272.6716478 6114.4701855
1.44 6547.60500723 7270.43032883 6109.98754843
1.45 6547.04467756 7276.03362625 6114.4701855
1.46 6538.63973248 7269.86999908 6099.3412854
1.47 6536.39841379 7274.35263702 6104.3842521
1.48 6531.35544675 7270.99065857 6097.6602965
1.49 6524.63149071 7269.30966934 6092.61732981
1.5 6525.75215005 7274.35263702 6099.90161503
1.51 6517.90753467 7266.50802063 6085.3330446
1.52 6517.90753467 7270.99065857 6089.25535202
1.53 6512.30423797 7267.62868012 6081.97106681
1.54 6507.82160062 7265.38736115 6076.3677705
1.55 6508.38193029 7269.86999908 6081.97106681
1.56 6499.97698527 7262.58571244 6071.32480383
1.57 6501.0976446 7268.7493396 6076.3677705
1.58 6495.49434792 7263.14604218 6069.64381494
1.59 6492.13236992 7261.46505296 6064.60084827
1.6 6493.25302925 7265.94769089 6070.20414457
1.61 6484.84808425 7259.78406374 6055.6355742
1.62 6483.16709525 7263.70637192 6062.91985938
1.63 6480.36544692 7260.34439348 6057.87689271
1.64 6477.00346892 7255.86175555 6053.39425568
1.65 6478.68445792 7261.46505296 6060.67854086
1.66 6473.08116126 7253.06010685 6046.10997051
1.67 6472.52083159 7257.54274477 6052.83392605
1.68 6469.1588536 7254.74109607 6047.23062977
1.69 6465.79687561 7253.62043659 6042.18766311
1.7 6465.23654595 7257.54274477 6045.54964088
1.71 6459.07291964 7250.25845814 6035.46370758
1.72 6459.07291964 7254.18076633 6041.06700386
1.73 6455.15061199 7251.93944736 6036.58436684
1.74 6450.66797468 7249.13779866 6029.86041131
1.75 6451.78863401 7251.93944736 6037.14469647
1.76 6445.06467805 7243.53450127 6024.81744467
1.77 6447.86632636 7248.57746892 6030.98107057
1.78 6443.94401872 7244.65516075 6027.05876318
1.79 6441.14237041 7242.97417153 6022.57612617
1.8 6442.82335939 7247.45680944 6029.30008169
1.81 6436.09940344 7239.05186335 6017.53315953
1.82 6437.22006277 7243.53450127 6024.25711505
1.83 6433.85808479 7240.73285257 6019.21414841
1.84 6431.61676615 7237.93120387 6012.4901929
1.85 6431.61676615 7240.17252283 6021.45546692
1.86 6426.01346953 7232.88823623 6007.44722628
1.87 6426.57379919 7236.25021466 6014.17118178
1.88 6424.33248055 7232.88823623 6007.44722628
1.89 6420.41017292 7230.08658754 6004.08524853
1.9 6422.65149156 7235.12955518 6013.61085216
1.91 6416.4878653 7229.5262578 6001.84393003
1.92 6418.72918394 7231.76757675 6008.0075559
1.93 6416.4878653 7228.40559832 6002.40425966
1.94 6412.00522801 7229.5262578 5998.48195229
1.95 6413.12588733 7230.64691727 6005.20590778
1.96 6406.96226108 7221.68164147 5993.43898567
1.97 6409.20357971 7227.84526858 6002.40425966
1.98 6405.84160176 7223.92296042 5995.68030417
1.99 6403.03995346 7221.12131173 5990.63733755
2.0 6405.2812721 7225.04361989 5997.92162266
2.01 6400.79863482 7218.31966305 5984.4737117
2.02 6400.23830516 7220.560982 5992.31832642
2.03 6399.11764585 7217.19900357 5984.4737117
2.04 6394.63500858 7214.95768463 5983.91338207
2.05 6397.43665687 7217.75933331 5991.19766718
2.06 6391.83336028 7212.15603594 5978.87041547
2.07 6392.9540196 7215.51801436 5985.59437094
2.08 6390.15237131 7212.71636568 5979.99107471
2.09 6387.35072302 7211.03537647 5977.1894266
2.1 6389.03171199 7213.27669542 5983.35305245
2.11 6383.42841542 7206.55273858 5971.02580076
2.12 6383.98874507 7211.59570621 5979.99107471
2.13 6381.74742644 7207.11306832 5972.70678962
2.14 6379.50610782 7204.87174938 5970.46547114
2.15 6382.3077561 7208.79405753 5978.31008585
2.16 6376.70445953 7201.50977097 5967.10349341
2.17 6379.50610782 7206.55273858 5973.82744887
2.18 6375.02347056 7201.50977097 5966.54316378
2.19 6373.34248159 7199.26845202 5963.74151568
2.2 6376.70445953 7202.63043044 5972.14646
2.21 6371.10116296 7196.46680335 5959.25887871
2.22 6372.22182228 7201.50977097 5966.54316378
2.23 6367.73918503 7197.02713309 5962.06052681
2.24 6366.05819606 7195.90647362 5958.69854909
2.25 6368.85984434 7198.70812229 5963.74151568
2.26 6362.69621812 7191.98416547 5950.29360478
2.27 6364.37720709 7197.58746282 5960.37953795
2.28 6360.4548995 7192.54449521 5954.21591212
2.29 6358.21358088 7190.30317627 5951.97459364
2.3 6360.4548995 7194.78581415 5958.69854909
2.31 6355.4119326 7186.94119787 5946.93162706
2.32 6357.65325122 7191.42383574 5954.77624174
2.33 6355.4119326 7186.94119787 5947.49195668
2.34 6352.61028433 7185.8205384 5944.69030858
2.35 6353.73094364 7190.30317627 5951.97459364
2.36 6348.68797675 7183.57921947 5940.20767163
2.37 6349.80863606 7186.94119787 5949.17294554
2.38 6348.12764709 7182.45856 5941.32833087
2.39 6346.44665813 7180.7775708 5939.08701239
2.4 6349.80863606 7184.1395492 5946.37129744
2.41 6343.64500986 7177.97592214 5934.60437544
2.42 6345.32599882 7180.7775708 5944.12997896
2.43 6341.9640209 7176.85526267 5937.40602353
2.44 6340.28303194 7176.29493294 5936.28536429
2.45 6341.9640209 7179.65691133 5943.56964934
2.46 6337.48138367 7172.37262481 5931.80272734
2.47 6340.84336159 7176.85526267 5939.08701239
2.48 6337.48138367 7173.49328427 5932.36305696
2.49 6335.24006506 7172.37262481 5930.68206811
2.5 6336.36072436 7175.17427347 5937.96635315
2.51 6330.19709818 7168.45031668 5926.75976078
2.52 6333.5590761 7172.93295454 5932.92338658
2.53 6330.19709818 7169.01064642 5926.75976078
2.54 6328.51610922 7167.32965722 5926.19943116
2.55 6331.87808714 7170.69163561 5930.68206811
2.56 6325.15413131 7163.4073491 5920.59613498
2.57 6327.95577957 7168.45031668 5928.44074963
2.58 6325.71446096 7162.28668964 5921.1564646
2.59 6322.9128127 7162.28668964 5919.47547574
2.6 6324.59380165 7167.32965722 5926.19943116
2.61 6319.55083479 7158.92471125 5915.55316842
2.62 6321.79215339 7165.08833829 5922.83745345
2.63 6318.43017548 7160.04537071 5916.11349804
2.64 6316.74918653 7160.04537071 5913.87217957
2.65 6319.55083479 7163.96767883 5920.59613498
2.66 6314.50786792 7157.80405179 5910.51020187
2.67 6315.62852722 7161.16603017 5918.35481651
2.68 6312.82687897 7156.68339233 5910.51020187
2.69 6312.26654932 7155.00240314 5908.2688834
2.7 6313.38720862 7157.80405179 5915.55316842
2.71 6308.90457141 7152.20075448 5903.22591685
2.72 6310.58556036 7157.24372206 5911.07053149
2.73 6304.42193421 7153.32141394 5904.9069057
2.74 6305.54259351 7153.88174367 5902.66558724
2.75 6306.66325281 7155.56273287 5909.38954264
2.76 6301.0599563 7149.39910583 5898.74327993
2.77 6304.42193421 7153.32141394 5904.9069057
2.78 6300.49962665 7150.51976529 5897.62262069
2.79 6297.6979784 7148.8387761 5895.94163185
2.8 6300.49962665 7153.88174367 5901.54492801
2.81 6294.89633015 7147.15778691 5891.45899492
2.82 6297.6979784 7150.51976529 5901.54492801
2.83 6294.3360005 7144.35613826 5892.57965415
2.84 6293.77567085 7145.47679772 5892.57965415
2.85 6297.13764875 7148.8387761 5899.30360954
2.86 6291.53435226 7141.55448962 5887.53668762
2.87 6294.3360005 7146.03712745 5897.62262069
2.88 6292.65501156 7140.99415989 5888.09701723
2.89 6289.29303366 7140.99415989 5888.65734685
2.9 6290.97402261 7145.47679772 5894.82097262
2.91 6286.49138541 7139.87350043 5883.61438031
2.92 6288.73270401 7142.67514908 5892.57965415
2.93 6285.93105577 7138.75284097 5885.29536916
2.94 6283.68973717 7137.07185179 5882.49372108
2.95 6285.93105577 7142.11481935 5890.89866531
2.96 6280.88808893 7134.83053287 5878.01108417
2.97 6283.12940752 7138.75284097 5886.976358
2.98 6279.20709998 7134.83053287 5882.49372108
2.99 6279.76742963 7134.83053287 5880.81273224
3.0 6281.44841858 7135.3908626 5887.53668762
3.01 6277.52611104 7130.34789505 5876.89042494
3.02 6280.88808893 7135.3908626 5884.73503954
3.03 6278.08644069 7130.90822477 5880.25240263
3.04 6275.84512209 7128.66690586 5878.57141378
3.05 6278.64677034 7132.02888423 5883.0540507
3.06 6273.6038035 7125.30492749 5873.52844726
3.07 6275.84512209 7130.90822477 5880.25240263
3.08 6273.04347386 7126.98591668 5874.08877687
3.09 6270.80215526 7126.42558695 5871.84745842
3.1 6273.6038035 7129.78756532 5878.57141378
3.11 6269.12116632 7123.62393831 5866.8044919
3.12 6271.92281456 7128.66690586 5874.64910649
3.13 6268.00050703 7123.06360858 5867.92515112
3.14 6267.44017738 7123.62393831 5866.24416228
3.15 6268.56083668 7127.54624641 5872.96811764
3.16 6263.51786985 7119.70163022 5862.8821846
3.17 6266.31951809 7125.30492749 5870.16646958
3.18 6262.9575402 7120.26195995 5863.44251422
3.19 6261.27655126 7119.14130049 5862.8821846
3.2 6264.0781995 7123.06360858 5869.60613996
3.21 6259.59556232 7118.02064104 5857.83921809
3.22 6261.27655126 7122.50327886 5868.48548074
3.23 6259.03523268 7116.33965186 5857.83921809
3.24 6256.79391409 7117.46031131 5858.3995477
3.25 6259.03523268 7120.82228968 5864.56317344
3.26 6253.99226586 7114.65866268 5854.47724042
3.27 6256.79391409 7118.58097077 5864.56317344
3.28 6252.87160657 7112.41734377 5858.3995477
3.29 6253.99226586 7113.53800323 5855.59789964
3.3 6254.55259551 7116.33965186 5862.32185499
3.31 6251.75094728 7110.7363546 5852.79625158
3.32 6253.99226586 7114.65866268 5861.76152538
3.33 6251.75094728 7111.29668432 5855.03757003
3.34 6251.19061763 7109.05536542 5853.9169108
3.35 6252.31127692 7112.9776735 5861.20119577
3.36 6248.94929905 7106.81404651 5851.11526274
3.37 6252.31127692 7109.61569514 5859.52020693
3.38 6248.94929905 7105.13305734 5852.79625158
3.39 6248.3889694 7105.13305734 5851.67559236
3.4 6251.19061763 7108.49503569 5856.71855887
3.41 6246.14765082 7100.65041953 5845.51196663
3.42 6248.3889694 7106.81404651 5854.47724042
3.43 6244.46666189 7101.21074926 5846.63262585
3.44 6243.34600259 7101.77107898 5847.19295546
3.45 6246.70798047 7105.13305734 5852.23592197
3.46 6241.66501366 7098.96943036 5841.02932974
3.47 6243.34600259 7104.57272761 5851.67559236
3.48 6240.54435437 7098.96943036 5843.83097779
3.49 6239.42369508 7097.28844118 5843.83097779
3.5 6242.2253433 7101.21074926 5848.8739443
3.51 6237.1823765 7093.92646284 5839.90867051
3.52 6241.10468401 7100.09008981 5849.99460352
3.53 6237.74270615 7094.48679256 5840.46900012
3.54 6237.74270615 7093.92646284 5840.46900012
3.55 6238.86336544 7096.16778174 5846.63262585
3.56 6235.50138757 7091.12481422 5835.42603363
3.57 6238.30303579 7097.28844118 5843.27064818
3.58 6232.69973935 7092.24547366 5836.54669285
3.59 6231.01875041 7092.80580339 5836.54669285
3.6 6233.82039863 7095.04712229 5841.58965935
3.61 6228.21710219 7090.56448449 5830.94339674
3.62 6233.26006899 7095.04712229 5838.78801129
3.63 6227.65677255 7088.32316559 5829.82273752
3.64 6228.21710219 7090.00415477 5833.18471518
3.65 6231.01875041 7092.80580339 5839.3483409
3.66 6225.41545398 7086.64217642 5828.7020783
3.67 6229.33776148 7092.24547366 5837.66735207
3.68 6225.97578362 7086.64217642 5828.7020783
3.69 6225.41545398 7087.20250615 5827.58141908
3.7 6225.97578362 7088.88349532 5834.30537441
3.71 6222.05347612 7084.40085753 5824.21944142
3.72 6224.85512433 7090.00415477 5833.18471518
3.73 6220.37248719 7084.96118725 5823.65911181
3.74 6219.81215754 7085.52151698 5825.90043025
3.75 6222.05347612 7086.64217642 5830.94339674
3.76 6218.69149826 7082.71986836 5820.29713416
3.77 6220.93281683 7087.20250615 5830.94339674
3.78 6218.69149826 7082.71986836 5822.53845259
3.79 6217.01050933 7082.15953864 5823.0987822
3.8 6218.13116861 7084.40085753 5828.7020783
3.81 6214.76919076 7079.35789002 5818.61614533
3.82 6218.69149826 7083.28019808 5827.02108947
3.83 6214.76919076 7079.35789002 5816.9351565
3.84 6213.08820183 7078.23723057 5818.61614533
3.85 6216.45017969 7082.15953864 5822.53845259
3.86 6213.08820183 7075.99591168 5814.13350845
3.87 6214.76919076 7080.47854947 5824.21944142
3.88 6211.96754254 7074.87525224 5814.69383806
3.89 6211.4072129 7075.99591168 5816.37482689
3.9 6213.08820183 7078.7975603 5820.29713416
3.91 6207.48490541 7071.5132739 5813.01284924
3.92 6212.52787219 7079.35789002 5821.41779337
3.93 6208.60556469 7072.07360362 5811.33186041
3.94 6206.36424612 7073.75459279 5813.57317885
3.95 6208.60556469 7075.99591168 5819.17647494
3.96 6205.80391648 7068.15129557 5809.65087158
3.97 6210.28655362 7073.75459279 5820.29713416
3.98 6206.36424612 7068.15129557 5810.7715308
3.99 6205.80391648 7069.27195501 5813.57317885
4.0 6209.16589433 7072.07360362 5815.81449728
4.01 6204.12292756 7066.4703064 5807.96988276
4.02 6206.92457576 7071.5132739 5816.9351565
4.03 6204.12292756 7067.03063613 5808.53021237
4.04 6201.88160899 7065.90997668 5810.7715308
4.05 6205.80391648 7068.15129557 5813.57317885
4.06 6201.88160899 7063.10832807 5803.48724589
4.07 6204.6832572 7065.34964696 5813.01284924
4.08 6200.76094971 7061.98766863 5805.16823472
4.09 6200.76094971 7064.22898752 5805.72856433
4.1 6200.76094971 7067.03063613 5810.7715308
4.11 6196.83864222 7061.42733891 5802.92691628
4.12 6201.32127935 7065.90997668 5811.89219002
4.13 6197.39897186 7061.42733891 5803.48724589
4.14 6197.39897186 7060.30667947 5805.16823472
4.15 6199.64029042 7063.10832807 5808.53021237
4.16 6194.03699401 7056.94470114 5799.56493864
4.17 6198.51963114 7064.22898752 5808.53021237
4.18 6194.03699401 7058.62569031 5801.80625707
4.19 6195.15765329 7059.18602003 5801.80625707
4.2 6195.15765329 7060.86700919 5805.72856433
4.21 6190.67501617 7055.26371198 5797.88394981
4.22 6195.15765329 7061.98766863 5806.28889393
4.23 6190.67501617 7056.38437142 5797.88394981
4.24 6191.23534581 7056.94470114 5798.44427942
4.25 6192.91633473 7058.62569031 5800.68559785
4.26 6188.43369761 7053.58272282 5791.72032413
4.27 6191.23534581 7059.18602003 5801.24592746
4.28 6187.31303833 7055.26371198 5792.28065374
4.29 6184.51139013 7055.26371198 5793.40131296
4.3 6187.87336797 7056.94470114 5797.88394981
4.31 6182.27007157 7052.46206338 5787.23768728
4.32 6185.63204941 7058.06536058 5796.7632906
4.33 6182.27007157 7052.46206338 5788.35834649
4.34 6182.27007157 7054.14305254 5789.47900571
4.35 6183.39073085 7055.8240417 5794.52197217
4.36 6181.14941229 7050.2207445 5784.99636885
4.37 6183.39073085 7057.50503086 5794.52197217
4.38 6178.90809373 7050.78107422 5784.99636885
4.39 6178.90809373 7052.46206338 5786.67735767
4.4 6180.02875301 7054.70338226 5791.15999453
4.41 6176.10644553 7050.2207445 5782.75505043
4.42 6178.90809373 7054.70338226 5792.84098335
4.43 6176.10644553 7049.10008506 5782.75505043
4.44 6176.10644553 7049.10008506 5782.75505043
4.45 6177.22710481 7050.2207445 5787.79801688
4.46 6173.86512697 7044.6174473 5779.39307279
4.47 6176.10644553 7051.34140394 5790.59966492
4.48 6173.86512697 7045.17777702 5781.07406161
4.49 6174.42545661 7046.85876618 5783.31538003
4.5 6175.54611589 7049.10008506 5788.35834649
4.51 6172.18413806 7044.05711758 5778.83274318
4.52 6176.10644553 7050.2207445 5787.23768728
4.53 6169.9428195 7042.37612842 5778.27241358
4.54 6169.9428195 7043.49678786 5779.39307279
4.55 6171.62380842 7046.85876618 5783.31538003
4.56 6167.14117131 7042.37612842 5775.47076555
4.57 6171.62380842 7047.97942562 5784.43603924
4.58 6167.70150095 7041.8157987 5774.35010633
4.59 6168.26183059 7042.93645814 5777.15175436
4.6 6169.38248986 7043.49678786 5781.07406161
4.61 6166.02051203 7037.89349067 5772.66911752
4.62 6170.50314914 7042.37612842 5780.513732
4.63 6165.46018239 7039.01415011 5770.9881287
4.64 6165.46018239 7039.01415011 5774.35010633
4.65 6167.14117131 7042.93645814 5778.27241358
4.66 6163.21886384 7038.45382039 5769.86746949
4.67 6166.02051203 7043.49678786 5779.39307279
4.68 6162.09820456 7036.77283123 5770.4277991
4.69 6163.21886384 7037.89349067 5772.66911752
4.7 6163.77919348 7040.69513926 5776.03109515
4.71 6159.85688601 7035.65217179 5765.94516225
4.72 6162.6585342 7041.25546898 5777.71208397
4.73 6159.85688601 7035.65217179 5768.74681028
4.74 6160.41721565 7036.77283123 5769.30713989
4.75 6159.85688601 7039.01415011 5773.78977673
4.76 6157.05523782 7032.8505232 5765.38483265
4.77 6160.97754529 7038.45382039 5776.03109515
4.78 6156.49490819 7032.29019348 5765.38483265
4.79 6155.93457855 7035.09184207 5769.30713989
4.8 6158.1758971 7036.21250151 5772.10878791
4.81 6154.81391927 7031.16953404 5762.58318462
4.82 6158.1758971 7037.33316095 5772.10878791
4.83 6155.37424891 7031.16953404 5764.26417344
4.84 6155.93457855 7032.8505232 5765.38483265
4.85 6157.05523782 7035.09184207 5769.30713989
4.86 6152.01227109 7028.36788545 5758.66087739
4.87 6157.05523782 7033.97118264 5768.18648067
4.88 6153.13293036 7027.80755574 5760.34186621
4.89 6152.57260072 7030.60920433 5763.14351423
4.9 6154.81391927 7031.16953404 5767.62615107
4.91 6152.01227109 7027.24722602 5759.221207
4.92 6154.25358964 7031.72986376 5769.30713989
4.93 6151.45194145 7027.24722602 5758.66087739
4.94 6152.01227109 7025.56623686 5760.34186621
4.95 6152.57260072 7028.92821517 5762.02285502
4.96 6148.08996363 7025.56623686 5755.85922937
4.97 6151.45194145 7030.60920433 5765.94516225
4.98 6148.65029326 7024.44557743 5755.85922937
4.99 6146.96930435 7026.6868963 5755.85922937
5.0 6148.65029326 7027.80755574 5761.46252542
5.01 6144.16765617 7023.32491799 5752.49725175
5.02 6148.65029326 7029.48854489 5764.26417344
5.03 6144.72798581 7022.20425856 5753.61791095
5.04 6145.28831544 7024.44557743 5755.85922937
5.05 6146.96930435 7025.00590715 5759.221207
5.06 6143.0469969 7021.08359912 5750.25593333
5.07 6146.96930435 7026.12656658 5762.58318462
5.08 6144.16765617 7018.84228026 5753.61791095
5.09 6144.72798581 7020.52326941 5755.85922937
5.1 6145.28831544 7022.20425856 5760.90219581
5.11 6143.0469969 7016.60096139 5751.37659254
5.12 6146.96930435 7022.20425856 5762.58318462
5.13 6143.60732653 7016.60096139 5749.69560373
5.14 6142.48666726 7018.28195054 5753.61791095
5.15 6144.72798581 7018.28195054 5756.97988858
5.16 6140.80567835 7013.23898309 5750.25593333
5.17 6145.28831544 7019.96293969 5759.221207
5.18 6141.36600799 7013.23898309 5748.01461492
5.19 6140.80567835 7015.48030195 5752.49725175
5.2 6142.48666726 7017.72162082 5754.73857016
5.21 6138.56435981 7012.11832365 5746.33362611
5.22 6141.92633762 7018.84228026 5754.17824056
5.23 6136.32304126 7013.7993128 5745.2129669
5.24 6138.00403017 7014.35964252 5749.69560373
5.25 6138.56435981 7015.48030195 5753.61791095
5.26 6136.32304126 7010.43733451 5743.53197809
5.27 6139.68501908 7016.60096139 5756.41955898
5.28 6136.32304126 7010.43733451 5746.33362611
5.29 6137.44370054 7010.99766422 5748.01461492
5.3 6138.56435981 7013.23898309 5751.37659254
5.31 6134.64205236 7008.75634536 5745.2129669
5.32 6139.68501908 7013.7993128 5752.49725175
5.33 6134.08172272 7008.75634536 5742.41131888
5.34 6134.64205236 7009.87700479 5744.6526373
5.35 6135.76271163 7011.55799394 5749.69560373
5.36 6132.96106345 7007.07535621 5739.60967087
5.37 6135.76271163 7010.99766422 5748.01461492
5.38 6132.40073381 7005.95469678 5738.48901166
5.39 6130.71974491 7008.75634536 5741.85098928
5.4 6133.52139308 7009.31667507 5745.7732965
5.41 6128.47842637 7005.39436706 5740.17000047
5.42 6134.08172272 7009.87700479 5748.57494452
5.43 6131.84040418 7004.83403735 5740.73033007
5.44 6131.28007454 7007.63568593 5740.73033007
5.45 6131.84040418 7008.75634536 5742.41131888
5.46 6127.91809673 7002.59271848 5736.80802285
5.47 6131.28007454 7008.75634536 5745.7732965
5.48 6127.91809673 7003.1530482 5734.56670444
5.49 6127.91809673 7004.27370763 5738.48901166
5.5 6128.47842637 7006.51502649 5742.97164849
5.51 6125.67677819 7001.47205905 5733.44604524
5.52 6127.91809673 7007.63568593 5743.53197809
5.53 6124.55611892 7002.03238877 5735.68736365
5.54 6125.11644856 7002.59271848 5739.04934126
5.55 6127.3577671 7005.95469678 5740.17000047
5.56 6123.99578929 6999.23074019 5733.44604524
5.57 6127.3577671 7005.39436706 5742.97164849
5.58 6123.43545965 6999.23074019 5732.32538603
5.59 6123.43545965 7002.59271848 5735.12703405
5.6 6125.11644856 7002.03238877 5737.92868206
5.61 6121.19414111 6998.11008076 5730.08406762
5.62 6126.23710783 7003.71337791 5740.73033007
5.63 6122.31480038 6996.42909162 5732.88571564
5.64 6123.99578929 6999.23074019 5734.00637484
5.65 6124.55611892 6999.23074019 5735.12703405
5.66 6118.95282257 6996.42909162 5728.96340842
5.67 6122.31480038 7004.27370763 5739.60967087
5.68 6119.51315221 6996.42909162 5728.96340842
5.69 6119.51315221 6999.23074019 5731.76505643
5.7 6121.75447075 7000.35139962 5734.56670444
5.71 6116.71150404 6995.8687619 5725.04110121
5.72 6119.51315221 6999.23074019 5735.68736365
5.73 6115.59084477 6995.30843219 5725.60143081
5.74 6116.1511744 6996.42909162 5730.08406762
5.75 6116.71150404 6997.54975105 5732.32538603
5.76 6113.90985587 6993.06711333 5723.920442
5.77 6119.51315221 6998.67041048 5734.00637484
5.78 6113.90985587 6991.9464539 5724.48077161
5.79 6115.03051514 6995.30843219 5727.28241961
5.8 6116.71150404 6996.42909162 5731.20472683
5.81 6112.22886697 6992.50678361 5721.118794
5.82 6116.1511744 6997.54975105 5734.00637484
5.83 6113.90985587 6991.38612419 5723.3601124
5.84 6114.4701855 6991.38612419 5727.28241961
5.85 6116.1511744 6993.06711333 5730.08406762
5.86 6113.90985587 6989.14480533 5721.6791236
5.87 6115.59084477 6995.30843219 5732.32538603
5.88 6112.22886697 6989.14480533 5721.6791236
5.89 6111.66853733 6989.70513504 5725.60143081
5.9 6113.34952623 6992.50678361 5727.84274922
5.91 6110.54787806 6986.34315676 5719.43780519
5.92 6113.90985587 6991.9464539 5728.96340842
5.93 6109.98754843 6985.78282704 5719.99813479
5.94 6111.1082077 6988.58447561 5724.48077161
5.95 6111.66853733 6989.70513504 5727.28241961
5.96 6108.30655953 6985.78282704 5718.87747559
5.97 6112.7891966 6993.06711333 5728.96340842
5.98 6109.4272188 6986.34315676 5717.75681639
5.99 6109.4272188 6986.34315676 5720.55846439
6.0 6109.98754843 6988.58447561 5721.118794
6.01 6105.50491136 6983.54150819 5716.07582758
6.02 6109.98754843 6990.26546476 5726.72209001
6.03 6105.50491136 6984.1018379 5717.75681639
6.04 6106.065241 6985.78282704 5720.55846439
6.05 6107.7462299 6986.34315676 5722.2394532
6.06 6103.82392246 6984.1018379 5714.39483878
6.07 6108.86688916 6988.58447561 5726.72209001
6.08 6104.94458173 6982.98117848 5715.51549798
6.09 6106.065241 6984.66216762 5718.87747559
6.1 6105.50491136 6985.22249733 5720.55846439
6.11 6102.7032632 6981.86051905 5712.15352038
6.12 6106.065241 6987.46381619 5722.7997828
6.13 6102.14293357 6980.73985962 5710.47253158
6.14 6102.7032632 6981.86051905 5714.39483878
6.15 6103.82392246 6984.1018379 5716.63615719
6.16 6098.78095577 6979.6192002 5710.47253158
6.17 6104.3842521 6985.22249733 5721.118794
6.18 6100.46194467 6978.49854077 5708.23121317
6.19 6101.58260393 6982.42084876 5714.39483878
6.2 6102.7032632 6982.42084876 5714.95516838
6.21 6099.3412854 6977.37788134 5707.11055397
6.22 6102.14293357 6982.98117848 5717.75681639
6.23 6098.78095577 6977.93821106 5708.23121317
6.24 6099.3412854 6981.30018934 5712.71384998
6.25 6099.3412854 6981.86051905 5713.83450918
6.26 6095.97930761 6976.81755163 5707.11055397
6.27 6099.90161503 6982.42084876 5717.75681639
6.28 6097.09996687 6975.6968922 5705.98989477
6.29 6097.6602965 6979.05887048 5712.15352038
6.3 6098.78095577 6980.17952991 5713.27417958
6.31 6095.41897797 6976.25722192 5706.55022437
6.32 6099.90161503 6982.42084876 5714.95516838
6.33 6094.85864834 6975.13656249 5705.42956517
6.34 6096.53963724 6977.37788134 5710.47253158
6.35 6096.53963724 6977.37788134 5711.03286118
6.36 6093.73798908 6974.01590307 5704.30890597
6.37 6099.3412854 6979.05887048 5716.07582758
6.38 6093.73798908 6971.2142545 5704.30890597
6.39 6094.29831871 6975.13656249 5708.23121317
6.4 6095.41897797 6975.13656249 5710.47253158
6.41 6090.93634092 6972.89524364 5704.30890597
6.42 6095.97930761 6977.37788134 5714.95516838
6.43 6091.49667055 6970.09359508 5703.74857637
6.44 6093.73798908 6972.89524364 5707.11055397
6.45 6094.85864834 6973.45557335 5709.91220198
6.46 6092.61732981 6967.85227623 5702.62791717
6.47 6095.97930761 6975.6968922 5713.83450918
6.48 6092.05700018 6968.41260594 5703.18824677
6.49 6092.05700018 6970.09359508 5708.23121317
6.5 6094.85864834 6970.09359508 5707.11055397
6.51 6089.25535202 6966.73161681 5699.26593957
6.52 6094.29831871 6974.01590307 5709.91220198
6.53 6089.81568165 6966.17128709 5699.26593957
6.54 6090.37601128 6970.65392479 5702.06758757
6.55 6090.37601128 6970.65392479 5704.86923557
6.56 6088.13469276 6967.85227623 5697.58495078
6.57 6090.93634092 6973.45557335 5707.67088357
6.58 6087.57436312 6966.73161681 5695.34363238
6.59 6087.57436312 6971.77458422 5700.38659877
6.6 6088.13469276 6970.65392479 5702.06758757
6.61 6084.77271497 6966.73161681 5696.46429158
6.62 6089.81568165 6972.89524364 5707.67088357
6.63 6085.3330446 6966.73161681 5697.02462118
6.64 6087.57436312 6968.41260594 5702.62791717
6.65 6087.57436312 6970.65392479 5702.06758757
6.66 6083.09172607 6966.17128709 5695.90396198
6.67 6087.57436312 6970.65392479 5706.55022437
6.68 6085.3330446 6964.49029796 5695.90396198
6.69 6084.77271497 6968.41260594 5699.82626917
6.7 6085.3330446 6968.41260594 5700.38659877
6.71 6081.41073718 6963.36963854 5693.66264358
6.72 6087.01403349 6967.29194652 5704.86923557
6.73 6083.6520557 6962.24897911 5692.54198438
6.74 6084.21238534 6963.92996825 5698.70560997
6.75 6084.77271497 6966.73161681 5696.46429158
6.76 6079.72974829 6961.6886494 5691.42132518
6.77 6084.77271497 6968.41260594 5702.06758757
6.78 6081.41073718 6961.12831969 5690.86099558
6.79 6081.41073718 6964.49029796 5695.90396198
6.8 6081.97106681 6963.92996825 5697.58495078
6.81 6079.16941865 6961.12831969 5690.30066598
6.82 6083.09172607 6967.85227623 5699.82626917
6.83 6078.04875939 6961.12831969 5689.74033639
6.84 6079.72974829 6963.92996825 5694.22297318
6.85 6079.72974829 6965.05062767 5693.66264358
6.86 6075.24711124 6959.44733056 5687.49901799
6.87 6081.41073718 6966.17128709 5699.26593957
6.88 6076.3677705 6960.00766027 5688.61967719
6.89 6076.3677705 6961.6886494 5694.22297318
6.9 6079.72974829 6961.6886494 5693.66264358
6.91 6076.92810013 6957.20601171 5686.93868839
6.92 6080.29007792 6963.92996825 5698.14528037
6.93 6075.80744087 6958.32667113 5686.37835879
6.94 6076.3677705 6960.00766027 5690.86099558
6.95 6078.60908902 6961.12831969 5691.98165478
6.96 6074.68678161 6957.20601171 5685.2576996
6.97 6076.92810013 6962.80930882 5699.26593957
6.98 6073.00579272 6955.52502258 5686.93868839
6.99 6076.3677705 6958.32667113 5691.42132518
7.0 6076.92810013 6958.32667113 5692.54198438
7.01 6076.3677705 6954.40436316 5686.37835879
7.02 6078.60908902 6961.6886494 5695.90396198
7.03 6074.68678161 6954.40436316 5686.37835879
7.04 6076.92810013 6958.32667113 5689.18000679
7.05 6075.24711124 6957.76634142 5691.98165478
7.06 6073.56612235 6953.28370373 5685.2576996
7.07 6077.48842976 6959.44733056 5695.90396198
7.08 6073.56612235 6952.72337402 5684.69737
7.09 6074.12645198 6954.96469287 5689.74033639
7.1 6076.92810013 6954.96469287 5690.30066598
7.11 6072.44546309 6950.48205518 5682.4560516
7.12 6078.04875939 6957.20601171 5691.98165478
7.13 6073.00579272 6951.04238489 5683.0163812
7.14 6073.00579272 6953.84403345 5686.93868839
7.15 6073.00579272 6956.08535229 5689.74033639
7.16 6070.7644742 6951.04238489 5682.4560516
7.17 6073.00579272 6957.76634142 5693.66264358
7.18 6069.64381494 6951.04238489 5683.0163812
7.19 6070.7644742 6953.84403345 5687.49901799
7.2 6071.88513346 6953.84403345 5685.81802919
7.21 6069.0834853 6949.36139576 5680.21473321
7.22 6073.56612235 6956.645682 5690.30066598
7.23 6069.0834853 6949.92172547 5678.53374442
7.24 6069.64381494 6951.6027146 5683.0163812
7.25 6069.0834853 6953.84403345 5685.2576996
7.26 6065.1611779 6948.80106605 5677.41308522
7.27 6070.20414457 6954.96469287 5689.18000679
7.28 6064.60084827 6948.24073634 5679.65440361
7.29 6065.72150753 6952.16304431 5683.0163812
7.3 6067.40249641 6949.36139576 5684.69737
7.31 6066.28183715 6947.12007692 5677.97341482
7.32 6070.7644742 6952.16304431 5688.61967719
7.33 6065.1611779 6945.9994175 5677.97341482
7.34 6066.84216678 6950.48205518 5683.0163812
7.35 6068.52315567 6950.48205518 5681.33539241
7.36 6064.60084827 6946.55974721 5675.17176683
7.37 6068.52315567 6953.84403345 5685.81802919
7.38 6062.91985938 6945.43908779 5674.61143723
7.39 6064.04051864 6948.24073634 5680.77506281
7.4 6065.72150753 6948.24073634 5680.77506281
7.41 6061.79920012 6944.31842837 5675.17176683
7.42 6066.84216678 6951.04238489 5683.5767108
7.43 6062.35952975 6945.9994175 5672.37011884
7.44 6062.91985938 6948.24073634 5676.85275562
7.45 6062.91985938 6948.24073634 5679.65440361
7.46 6060.67854086 6943.75809866 5674.05110763
7.47 6065.1611779 6949.36139576 5684.69737
7.48 6062.35952975 6943.19776895 5674.05110763
7.49 6062.35952975 6946.55974721 5677.97341482
7.5 6064.04051864 6946.55974721 5678.53374442
7.51 6060.11821123 6943.75809866 5669.56847085
7.52 6063.48018901 6949.92172547 5681.33539241
7.53 6057.87689271 6942.07710953 5670.68913005
7.54 6060.67854086 6944.87875808 5675.73209643
7.55 6058.99755197 6945.43908779 5675.73209643
7.56 6056.19590382 6941.51677982 5670.12880045
7.57 6061.23887049 6948.24073634 5680.21473321
7.58 6057.31656308 6942.07710953 5670.12880045
7.59 6059.5578816 6944.87875808 5675.17176683
7.6 6058.43722234 6944.87875808 5676.29242602
7.61 6055.07524457 6940.95645011 5669.56847085
7.62 6061.23887049 6947.68040663 5680.21473321
7.63 6056.19590382 6940.3961204 5667.88748206
7.64 6057.87689271 6943.19776895 5674.61143723
7.65 6058.99755197 6942.63743924 5676.29242602
7.66 6056.19590382 6938.15480157 5671.24945965
7.67 6061.79920012 6943.19776895 5679.09407401
7.68 6056.75623345 6937.03414215 5669.56847085
7.69 6059.5578816 6939.27546099 5674.61143723
7.7 6059.5578816 6940.95645011 5676.29242602
7.71 6056.75623345 6936.47381244 5669.56847085
7.72 6061.79920012 6943.19776895 5678.53374442
7.73 6056.19590382 6935.91348273 5667.88748206
7.74 6057.31656308 6939.83579069 5674.05110763
7.75 6060.11821123 6939.83579069 5672.37011884
7.76 6055.6355742 6936.47381244 5667.88748206
7.77 6058.99755197 6942.63743924 5677.97341482
7.78 6055.6355742 6936.47381244 5665.64616367
7.79 6056.19590382 6939.27546099 5671.80978924
7.8 6056.75623345 6940.3961204 5670.12880045
7.81 6053.39425568 6936.47381244 5664.52550448
7.82 6056.19590382 6941.51677982 5675.73209643
7.83 6051.15293717 6935.91348273 5663.96517488
7.84 6054.51491494 6938.71513128 5668.44781166
7.85 6051.71326679 6940.3961204 5668.44781166
7.86 6050.03227791 6935.91348273 5662.84451569
7.87 6053.95458531 6942.07710953 5672.93044844
7.88 6048.91161865 6935.91348273 5662.28418609
7.89 6050.59260754 6938.71513128 5667.32715246
7.9 6052.27359642 6937.03414215 5667.32715246
7.91 6048.35128902 6934.2324936 5662.28418609
7.92 6052.83392605 6941.51677982 5672.93044844
7.93 6049.47194828 6934.2324936 5660.6031973
7.94 6050.03227791 6937.03414215 5668.44781166
7.95 6050.59260754 6937.03414215 5667.32715246
7.96 6048.35128902 6934.79282331 5660.6031973
7.97 6052.83392605 6939.83579069 5672.37011884
7.98 6048.35128902 6933.11183419 5661.7238565
7.99 6048.35128902 6935.91348273 5667.32715246
8.0 6049.47194828 6935.35315302 5665.64616367
8.01 6047.23062977 6931.43084506 5660.6031973
8.02 6050.59260754 6937.59447186 5672.93044844
8.03 6048.91161865 6931.99117477 5658.36187892
8.04 6048.91161865 6934.2324936 5665.08583408
8.05 6048.35128902 6934.2324936 5665.08583408
8.06 6046.10997051 6931.99117477 5657.80154932
8.07 6050.03227791 6937.59447186 5670.12880045
8.08 6044.98931125 6928.62919652 5658.36187892
8.09 6048.35128902 6933.6721639 5662.28418609
8.1 6047.79095939 6932.55150448 5662.84451569
8.11 6043.868652 6929.74985594 5658.36187892
8.12 6050.03227791 6937.03414215 5668.44781166
8.13 6044.98931125 6929.18952623 5654.99990134
8.14 6046.10997051 6932.55150448 5662.84451569
8.15 6046.10997051 6932.55150448 5663.40484529
8.16 6043.868652 6930.31018564 5656.68089013
8.17 6047.23062977 6934.79282331 5666.20649327
8.18 6042.74799274 6928.06886681 5655.56023093
8.19 6043.868652 6931.43084506 5661.7238565
8.2 6043.868652 6933.11183419 5661.7238565
8.21 6041.62733349 6929.18952623 5656.68089013
8.22 6046.10997051 6934.79282331 5666.76682287
8.23 6041.62733349 6926.94820739 5656.12056053
8.24 6043.868652 6931.43084506 5661.1635269
8.25 6043.30832237 6931.99117477 5660.04286771
8.26 6040.50667423 6926.38787769 5655.56023093
8.27 6046.10997051 6932.55150448 5665.08583408
8.28 6039.9463446 6925.26721827 5652.75858295
8.29 6041.62733349 6929.18952623 5661.1635269
8.3 6043.30832237 6928.62919652 5659.48253811
8.31 6041.06700386 6925.82754798 5653.31891255
8.32 6045.54964088 6931.99117477 5662.84451569
8.33 6039.38601498 6924.70688856 5650.51726457
8.34 6040.50667423 6928.06886681 5659.48253811
8.35 6041.62733349 6928.06886681 5657.80154932
8.36 6038.26535572 6925.82754798 5652.75858295
8.37 6043.868652 6931.99117477 5663.96517488
8.38 6038.26535572 6924.70688856 5651.63792376
8.39 6040.50667423 6928.06886681 5657.24121972
8.4 6040.50667423 6926.94820739 5656.68089013
8.41 6038.26535572 6921.90524002 5651.63792376
8.42 6042.74799274 6928.62919652 5662.28418609
8.43 6039.38601498 6922.46556973 5650.51726457
8.44 6040.50667423 6925.82754798 5654.99990134
8.45 6039.9463446 6925.82754798 5655.56023093
8.46 6037.70502609 6922.46556973 5649.95693497
8.47 6041.06700386 6930.31018564 5659.48253811
8.48 6037.14469647 6923.02589944 5647.71561659
8.49 6038.26535572 6925.82754798 5655.56023093
8.5 6038.82568535 6924.70688856 5654.99990134
8.51 6035.46370758 6921.90524002 5650.51726457
8.52 6040.50667423 6928.06886681 5660.6031973
8.53 6036.58436684 6920.2242509 5648.27594619
8.54 6037.70502609 6924.14655885 5654.99990134
8.55 6037.70502609 6922.46556973 5653.87924215
8.56 6033.7827187 6920.2242509 5648.83627578
8.57 6038.82568535 6926.38787769 5658.36187892
8.58 6035.46370758 6920.2242509 5646.0346278
8.59 6036.02403721 6923.58622915 5655.56023093
8.6 6037.14469647 6923.02589944 5653.31891255
8.61 6033.7827187 6921.34491032 5646.5949574
8.62 6037.14469647 6925.82754798 5657.24121972
8.63 6034.34304833 6920.2242509 5646.0346278
8.64 6036.02403721 6922.46556973 5652.75858295
8.65 6034.90337796 6923.58622915 5651.63792376
8.66 6033.22238907 6918.54326178 5644.91396861
8.67 6036.58436684 6925.82754798 5656.12056053
8.68 6032.10172982 6919.10359149 5645.47429821
8.69 6034.34304833 6923.02589944 5653.87924215
8.7 6033.7827187 6920.2242509 5653.87924215
8.71 6033.7827187 6917.42260236 5648.83627578
8.72 6036.02403721 6924.14655885 5657.80154932
8.73 6033.22238907 6916.86227266 5646.0346278
8.74 6034.34304833 6918.54326178 5652.19825336
8.75 6034.90337796 6918.54326178 5651.07759417
8.76 6032.66205945 6915.74161324 5646.5949574
8.77 6036.58436684 6921.34491032 5657.24121972
8.78 6033.7827187 6915.74161324 5646.5949574
8.79 6034.90337796 6917.98293207 5652.75858295
8.8 6035.46370758 6917.42260236 5652.75858295
8.81 6032.66205945 6914.62095383 5645.47429821
8.82 6036.02403721 6920.2242509 5657.24121972
8.83 6032.10172982 6914.06062412 5645.47429821
8.84 6033.7827187 6916.86227266 5649.95693497
8.85 6034.90337796 6916.86227266 5648.27594619
8.86 6030.42074094 6914.06062412 5644.35363902
8.87 6034.34304833 6919.66392119 5654.43957174
8.88 6030.42074094 6913.50029442 5643.23297983
8.89 6032.66205945 6917.42260236 5649.95693497
8.9 6030.98107057 6917.42260236 5648.83627578
8.91 6029.86041131 6912.379635 5641.55199104
8.92 6033.22238907 6919.66392119 5651.63792376
8.93 6027.61909281 6911.25897559 5640.99166145
8.94 6030.42074094 6916.30194295 5648.83627578
8.95 6029.86041131 6915.74161324 5646.5949574
8.96 6028.17942243 6911.25897559 5640.99166145
8.97 6033.7827187 6917.98293207 5650.51726457
8.98 6028.17942243 6912.93996471 5639.87100226
8.99 6029.30008169 6915.74161324 5646.0346278
9.0 6029.30008169 6914.62095383 5645.47429821
9.01 6026.49843355 6911.8193053 5640.99166145
9.02 6030.98107057 6919.10359149 5651.63792376
9.03 6026.49843355 6911.8193053 5639.87100226
9.04 6028.17942243 6914.62095383 5644.91396861
9.05 6029.30008169 6914.06062412 5643.79330942
9.06 6025.3777743 6909.57798647 5639.87100226
9.07 6030.42074094 6917.98293207 5651.63792376
9.08 6026.49843355 6911.8193053 5639.31067266
9.09 6028.17942243 6912.93996471 5645.47429821
9.1 6028.17942243 6914.62095383 5644.35363902
9.11 6023.69678542 6910.69864588 5638.19001347
9.12 6028.73975206 6916.86227266 5649.39660538
9.13 6024.25711505 6910.69864588 5639.31067266
9.14 6025.93810393 6912.93996471 5644.91396861
9.15 6027.05876318 6912.379635 5645.47429821
9.16 6024.81744467 6909.01765676 5639.31067266
9.17 6029.30008169 6914.62095383 5649.95693497
9.18 6024.25711505 6907.33666764 5637.62968388
9.19 6026.49843355 6911.8193053 5644.35363902
9.2 6026.49843355 6910.69864588 5640.99166145
9.21 6023.69678542 6907.89699735 5635.94869509
9.22 6027.61909281 6914.62095383 5646.0346278
9.23 6023.69678542 6909.01765676 5634.26770631
9.24 6023.69678542 6911.8193053 5640.43133185
9.25 6023.13645579 6911.25897559 5642.11232064
9.26 6021.45546692 6906.77633794 5635.3883655
9.27 6025.3777743 6912.93996471 5646.5949574
9.28 6020.89513729 6906.77633794 5633.70737672
9.29 6022.57612617 6911.25897559 5640.99166145
9.3 6023.13645579 6910.69864588 5640.43133185
9.31 6019.77447804 6907.89699735 5634.8280359
9.32 6024.81744467 6913.50029442 5646.0346278
9.33 6020.89513729 6907.89699735 5632.58671753
9.34 6022.01579654 6909.01765676 5636.50902469
9.35 6019.77447804 6908.45732706 5637.62968388
9.36 6018.09348916 6906.77633794 5631.46605834
9.37 6022.57612617 6912.93996471 5643.79330942
9.38 6019.21414841 6907.89699735 5630.34539915
9.39 6020.33480766 6909.57798647 5637.62968388
9.4 6019.21414841 6909.01765676 5638.19001347
9.41 6018.09348916 6905.65567853 5632.58671753
9.42 6022.01579654 6912.379635 5642.11232064
9.43 6016.97282991 6905.65567853 5632.58671753
9.44 6020.89513729 6909.01765676 5636.50902469
9.45 6019.21414841 6909.01765676 5634.26770631
9.46 6015.85217066 6906.77633794 5630.34539915
9.47 6019.21414841 6912.379635 5640.99166145
9.48 6014.73151141 6907.33666764 5628.66441037
9.49 6017.53315953 6909.01765676 5637.06935428
9.5 6017.53315953 6909.01765676 5634.26770631
9.51 6014.73151141 6905.65567853 5631.46605834
9.52 6019.77447804 6912.379635 5642.67265023
9.53 6016.41250028 6905.09534882 5629.78506955
9.54 6017.53315953 6909.57798647 5637.06935428
9.55 6016.97282991 6907.89699735 5634.26770631
9.56 6014.17118178 6904.53501911 5629.78506955
9.57 6020.89513729 6910.13831618 5639.87100226
9.58 6014.73151141 6903.4143597 5631.46605834
9.59 6016.97282991 6905.65567853 5637.06935428
9.6 6017.53315953 6906.77633794 5635.3883655
9.61 6014.73151141 6901.73337058 5629.78506955
9.62 6020.89513729 6908.45732706 5641.55199104
9.63 6015.85217066 6901.73337058 5629.22473996
9.64 6017.53315953 6903.4143597 5635.94869509
9.65 6017.53315953 6904.53501911 5637.06935428
9.66 6015.85217066 6899.49205176 5630.90572874
9.67 6019.77447804 6907.89699735 5639.87100226
9.68 6015.29184103 6900.05238147 5629.22473996
9.69 6017.53315953 6902.29370029 5635.3883655
9.7 6016.41250028 6902.29370029 5634.8280359
9.71 6014.17118178 6901.17304088 5629.22473996
9.72 6018.65381879 6905.65567853 5640.43133185
9.73 6014.17118178 6897.81106265 5630.90572874
9.74 6016.41250028 6902.29370029 5637.62968388
9.75 6017.53315953 6902.85403 5634.26770631
9.76 6014.17118178 6900.05238147 5627.54375118
9.77 6018.09348916 6906.77633794 5638.75034307
9.78 6012.4901929 6900.05238147 5627.54375118
9.79 6014.73151141 6904.53501911 5634.26770631
9.8 6014.73151141 6902.85403 5630.34539915
9.81 6010.80920403 6898.37139235 5627.54375118
9.82 6015.85217066 6905.65567853 5636.50902469
9.83 6011.36953365 6898.37139235 5625.3024328
9.84 6013.61085216 6899.49205176 5632.02638793
9.85 6014.17118178 6900.61271117 5630.90572874
9.86 6011.92986328 6898.37139235 5625.8627624
9.87 6016.41250028 6903.4143597 5637.06935428
9.88 6012.4901929 6896.69040324 5626.42309199
9.89 6013.61085216 6900.05238147 5631.46605834
9.9 6014.17118178 6900.05238147 5629.78506955
9.91 6010.80920403 6897.81106265 5624.74210321
9.92 6015.85217066 6903.97468941 5634.8280359
9.93 6010.2488744 6897.25073294 5624.18177362
9.94 6011.92986328 6900.05238147 5630.34539915
9.95 6011.92986328 6899.49205176 5631.46605834
9.96 6011.92986328 6896.13007353 5626.42309199
9.97 6015.29184103 6902.29370029 5635.94869509
9.98 6010.80920403 6896.13007353 5624.74210321
9.99 6013.05052253 6900.05238147 5630.34539915
10.0 6013.05052253 6898.37139235 5629.22473996
10.01 6009.68854478 6893.88875471 5624.18177362
10.02 6014.17118178 6902.29370029 5636.50902469
10.03 6010.2488744 6894.44908442 5624.74210321
10.04 6011.92986328 6898.37139235 5629.78506955
10.05 6011.36953365 6897.25073294 5628.10408077
10.06 6009.12821515 6895.00941412 5623.06111443
10.07 6012.4901929 6900.61271117 5634.8280359
10.08 6009.12821515 6893.88875471 5621.94045524
10.09 6010.2488744 6897.25073294 5628.66441037
10.1 6009.12821515 6896.69040324 5627.54375118
10.11 6008.0075559 6893.32842501 5620.25946646
10.12 6011.36953365 6900.05238147 5630.90572874
10.13 6006.88689665 6895.00941412 5621.38012565
10.14 6007.44722628 6898.37139235 5626.98342158
10.15 6008.56788553 6897.81106265 5625.8627624
10.16 6006.88689665 6892.7680953 5623.62144402
10.17 6011.92986328 6899.49205176 5631.46605834
10.18 6006.88689665 6891.64743589 5620.81979605
10.19 6008.56788553 6896.69040324 5628.66441037
10.2 6009.12821515 6896.13007353 5627.54375118
10.21 6006.88689665 6892.2077656 5620.25946646
10.22 6012.4901929 6898.93172206 5631.46605834
10.23 6007.44722628 6892.2077656 5618.57847768
10.24 6008.0075559 6895.56974383 5628.10408077
10.25 6009.68854478 6895.00941412 5625.3024328
10.26 6005.7662374 6892.2077656 5620.81979605
10.27 6009.12821515 6899.49205176 5630.34539915
10.28 6004.64557815 6892.7680953 5620.25946646
10.29 6006.88689665 6896.69040324 5626.42309199
10.3 6007.44722628 6895.56974383 5624.18177362
10.31 6004.64557815 6891.64743589 5618.57847768
10.32 6008.0075559 6898.93172206 5628.10408077
10.33 6002.96458928 6891.64743589 5618.57847768
10.34 6004.08524853 6895.56974383 5621.94045524
10.35 6005.20590778 6895.00941412 5621.94045524
10.36 6002.40425966 6891.64743589 5617.45781849
10.37 6005.7662374 6898.37139235 5628.10408077
10.38 6001.84393003 6892.2077656 5616.8974889
10.39 6002.96458928 6896.13007353 5623.62144402
10.4 6003.52491891 6893.88875471 5622.50078483
10.41 6001.28360041 6890.52677648 5616.33715931
10.42 6004.64557815 6897.81106265 5627.54375118
10.43 6000.16294116 6891.08710619 5615.77682971
10.44 6002.96458928 6893.32842501 5623.06111443
10.45 6004.08524853 6892.7680953 5620.81979605
10.46 6000.16294116 6891.08710619 5614.65617053
10.47 6004.64557815 6897.81106265 5625.3024328
10.48 6001.28360041 6889.40611707 5614.09584094
10.49 6001.84393003 6894.44908442 5620.25946646
10.5 6002.40425966 6892.7680953 5621.38012565
10.51 5999.60261153 6891.08710619 5615.21650012
10.52 6002.96458928 6896.13007353 5627.54375118
10.53 6000.72327078 6890.52677648 5615.21650012
10.54 6002.40425966 6892.2077656 5620.81979605
10.55 6002.96458928 6893.32842501 5620.25946646
10.56 5999.60261153 6889.96644678 5615.21650012
10.57 6002.96458928 6895.00941412 5625.3024328
10.58 5999.04228191 6887.72512796 5612.97518175
10.59 6001.84393003 6891.64743589 5618.01814809
10.6 6000.72327078 6892.2077656 5617.45781849
10.61 5996.80096341 6888.28545766 5612.97518175
10.62 6001.84393003 6895.00941412 5624.74210321
10.63 5997.92162266 6887.16479826 5612.41485216
10.64 5999.60261153 6891.08710619 5619.13880727
10.65 5998.48195229 6889.40611707 5616.33715931
10.66 5995.68030417 6887.72512796 5613.53551134
10.67 6002.96458928 6891.64743589 5625.3024328
10.68 5997.92162266 6886.04413885 5612.97518175
10.69 5999.60261153 6891.64743589 5620.25946646
10.7 5999.60261153 6890.52677648 5619.13880727
10.71 5998.48195229 6887.72512796 5613.53551134
10.72 6001.84393003 6893.32842501 5624.18177362
10.73 5997.92162266 6887.16479826 5612.41485216
10.74 5999.04228191 6891.08710619 5618.01814809
10.75 5998.48195229 6889.96644678 5616.8974889
10.76 5995.68030417 6887.72512796 5611.85452256
10.77 6000.72327078 6893.32842501 5621.38012565
10.78 5995.68030417 6886.04413885 5611.29419297
10.79 5997.36129304 6891.08710619 5618.57847768
10.8 5999.60261153 6889.40611707 5614.65617053
10.81 5995.68030417 6885.48380914 5610.73386338
10.82 6000.16294116 6893.32842501 5622.50078483
10.83 5996.24063379 6884.92347944 5610.73386338
10.84 5998.48195229 6890.52677648 5616.8974889
10.85 5997.36129304 6889.40611707 5615.21650012
10.86 5993.99931529 6885.48380914 5611.29419297
10.87 6000.72327078 6890.52677648 5622.50078483
10.88 5995.11997454 6884.36314974 5610.17353379
10.89 5996.80096341 6889.40611707 5616.33715931
10.9 5997.92162266 6888.28545766 5614.09584094
10.91 5993.43898567 6884.92347944 5610.17353379
10.92 5999.04228191 6891.64743589 5621.94045524
10.93 5995.11997454 6884.36314974 5608.49254501
10.94 5997.92162266 6888.84578737 5615.21650012
10.95 5997.92162266 6888.28545766 5613.53551134
10.96 5993.99931529 6886.04413885 5609.61320419
10.97 5997.92162266 6891.64743589 5619.13880727
10.98 5992.87865605 6883.80282003 5607.93221542
10.99 5995.11997454 6888.28545766 5615.21650012
11.0 5996.24063379 6886.60446855 5614.09584094
11.01 5993.99931529 6882.68216062 5608.49254501
11.02 5997.36129304 6888.28545766 5619.13880727
11.03 5992.87865605 6882.12183092 5609.61320419
11.04 5995.68030417 6886.60446855 5613.53551134
11.05 5994.55964492 6884.92347944 5612.41485216
11.06 5992.87865605 6883.24249033 5609.0528746
11.07 5996.80096341 6891.08710619 5619.69913687
11.08 5992.31832642 6882.12183092 5606.81155623
11.09 5995.11997454 6886.04413885 5612.41485216
11.1 5995.11997454 6885.48380914 5613.53551134
11.11 5992.31832642 6882.68216062 5608.49254501
11.12 5996.80096341 6889.40611707 5618.57847768
11.13 5992.31832642 6881.00117151 5606.25122664
11.14 5993.99931529 6884.92347944 5612.41485216
11.15 5993.99931529 6883.24249033 5612.97518175
11.16 5991.7579968 6881.56150122 5607.37188582
11.17 5995.68030417 6888.28545766 5618.01814809
11.18 5991.7579968 6880.44084181 5608.49254501
11.19 5995.11997454 6883.24249033 5614.65617053
11.2 5994.55964492 6883.24249033 5613.53551134
11.21 5993.43898567 6881.00117151 5607.37188582
11.22 5996.24063379 6885.48380914 5619.13880727
11.23 5991.7579968 6878.7598527 5606.81155623
11.24 5995.68030417 6882.12183092 5611.85452256
11.25 5995.11997454 6882.68216062 5610.17353379
11.26 5991.19766718 6880.44084181 5605.69089705
11.27 5995.11997454 6886.04413885 5617.45781849
11.28 5992.31832642 6881.56150122 5606.25122664
11.29 5993.43898567 6882.68216062 5610.73386338
11.3 5993.43898567 6882.12183092 5610.73386338
11.31 5991.19766718 6879.88051211 5605.13056745
11.32 5995.68030417 6885.48380914 5616.8974889
11.33 5990.07700793 6878.7598527 5603.44957868
11.34 5991.19766718 6883.24249033 5609.0528746
11.35 5991.19766718 6882.12183092 5607.37188582
11.36 5988.39601906 6880.44084181 5604.00990827
11.37 5991.7579968 6886.04413885 5616.8974889
11.38 5988.39601906 6877.07886359 5602.32891949
11.39 5990.63733755 6881.00117151 5610.17353379
11.4 5991.19766718 6882.12183092 5609.61320419
11.41 5989.51667831 6877.63919329 5604.00990827
11.42 5993.43898567 6883.80282003 5614.09584094
11.43 5988.95634868 6877.07886359 5602.88924908
11.44 5990.63733755 6880.44084181 5610.73386338
11.45 5991.19766718 6881.56150122 5610.73386338
11.46 5989.51667831 6878.7598527 5604.00990827
11.47 5993.43898567 6882.12183092 5614.65617053
11.48 5989.51667831 6875.95820418 5601.7685899
11.49 5991.7579968 6878.7598527 5608.49254501
11.5 5990.63733755 6880.44084181 5608.49254501
11.51 5987.83568944 6877.07886359 5604.00990827
11.52 5992.31832642 6884.92347944 5612.97518175
11.53 5987.27535981 6876.51853389 5601.20826031
11.54 5989.51667831 6880.44084181 5608.49254501
11.55 5988.95634868 6879.88051211 5609.0528746
11.56 5986.71503019 6877.63919329 5603.44957868
11.57 5991.7579968 6882.68216062 5613.53551134
11.58 5987.83568944 6875.95820418 5602.88924908
11.59 5990.63733755 6879.88051211 5608.49254501
11.6 5990.63733755 6879.3201824 5609.0528746
11.61 5988.39601906 6876.51853389 5601.7685899
11.62 5991.19766718 6884.36314974 5614.65617053
11.63 5986.71503019 6875.39787448 5601.20826031
11.64 5987.83568944 6878.7598527 5608.49254501
11.65 5987.83568944 6878.199523 5606.81155623
11.66 5985.03404132 6875.39787448 5602.32891949
11.67 5989.51667831 6881.56150122 5613.53551134
11.68 5985.59437094 6875.39787448 5601.7685899
11.69 5989.51667831 6878.7598527 5607.37188582
11.7 5988.39601906 6878.199523 5605.69089705
11.71 5985.03404132 6875.95820418 5598.96694194
11.72 5988.39601906 6881.56150122 5608.49254501
11.73 5983.35305245 6875.39787448 5597.84628276
11.74 5986.71503019 6879.88051211 5604.00990827
11.75 5983.91338207 6880.44084181 5604.57023786
11.76 5982.2323932 6876.51853389 5601.7685899
11.77 5987.83568944 6882.12183092 5610.17353379
11.78 5983.35305245 6874.83754478 5597.84628276
11.79 5985.59437094 6878.7598527 5605.13056745
11.8 5985.03404132 6877.07886359 5604.00990827
11.81 5982.2323932 6873.71688537 5600.64793072
11.82 5987.27535981 6881.56150122 5612.41485216
11.83 5983.35305245 6874.83754478 5599.52727153
11.84 5986.71503019 6877.63919329 5606.25122664
11.85 5985.03404132 6877.63919329 5604.57023786
11.86 5981.67206358 6874.83754478 5600.08760113
11.87 5987.83568944 6879.88051211 5610.73386338
11.88 5983.91338207 6875.39787448 5597.28595317
11.89 5985.03404132 6875.95820418 5602.32891949
11.9 5984.4737117 6875.95820418 5602.88924908
11.91 5981.67206358 6874.83754478 5598.40661235
11.92 5986.15470057 6881.56150122 5609.61320419
11.93 5981.11173396 6874.83754478 5597.84628276
11.94 5982.79272283 6877.63919329 5602.88924908
11.95 5983.35305245 6877.63919329 5601.20826031
11.96 5979.99107471 6874.27721507 5596.72562357
11.97 5984.4737117 6879.88051211 5605.69089705
11.98 5979.43074509 6872.59622596 5597.28595317
11.99 5982.79272283 6877.07886359 5601.20826031
12.0 5981.11173396 6875.95820418 5600.64793072
12.01 5979.43074509 6874.27721507 5595.60496439
12.02 5983.35305245 6879.3201824 5605.69089705
12.03 5978.31008585 6873.71688537 5594.48430521
12.04 5981.11173396 6877.63919329 5601.20826031
12.05 5982.2323932 6876.51853389 5600.64793072
12.06 5978.31008585 6874.27721507 5596.16529398
12.07 5982.2323932 6879.88051211 5605.13056745
12.08 5978.87041547 6872.59622596 5594.48430521
12.09 5980.55140434 6877.07886359 5602.32891949
12.1 5979.99107471 6876.51853389 5601.20826031
12.11 5978.31008585 6873.15655567 5595.0446348
12.12 5983.35305245 6878.7598527 5605.13056745
12.13 5978.87041547 6872.59622596 5593.92397562
12.14 5981.11173396 6875.95820418 5600.08760113
12.15 5981.11173396 6876.51853389 5600.08760113
12.16 5978.87041547 6870.91523686 5592.80331643
12.17 5983.35305245 6877.07886359 5602.32891949
12.18 5978.31008585 6870.35490715 5594.48430521
12.19 5981.11173396 6874.83754478 5601.20826031
12.2 5979.43074509 6873.15655567 5599.52727153
12.21 5977.74975622 6872.03589626 5594.48430521
12.22 5982.2323932 6876.51853389 5604.57023786
12.23 5977.74975622 6870.35490715 5592.24298684
12.24 5979.43074509 6875.39787448 5600.64793072
12.25 5979.43074509 6874.83754478 5597.84628276
12.26 5976.62909698 6872.03589626 5594.48430521
12.27 5980.55140434 6878.199523 5604.57023786
12.28 5977.1894266 6869.79457745 5592.24298684
12.29 5978.87041547 6873.71688537 5598.96694194
12.3 5978.31008585 6874.83754478 5598.40661235
12.31 5977.1894266 6870.91523686 5593.92397562
12.32 5981.11173396 6876.51853389 5604.57023786
12.33 5978.31008585 6869.23424775 5594.48430521
12.34 5979.99107471 6872.59622596 5600.64793072
12.35 5979.99107471 6872.03589626 5598.40661235
12.36 5976.62909698 6868.67391805 5593.36364603
12.37 5979.99107471 6875.95820418 5602.88924908
12.38 5975.50843773 6868.67391805 5592.24298684
12.39 5978.31008585 6872.59622596 5598.96694194
12.4 5978.87041547 6872.03589626 5596.16529398
12.41 5976.06876736 6869.23424775 5591.12232766
12.42 5980.55140434 6874.27721507 5600.64793072
12.43 5976.06876736 6868.67391805 5591.12232766
12.44 5978.31008585 6872.59622596 5598.96694194
12.45 5978.87041547 6870.35490715 5600.08760113
12.46 5976.62909698 6867.55325864 5596.16529398
12.47 5981.67206358 6874.27721507 5605.69089705
12.48 5977.74975622 6866.43259924 5595.0446348
12.49 5980.55140434 6869.79457745 5600.64793072
12.5 5979.99107471 6869.79457745 5598.40661235
12.51 5977.1894266 6866.43259924 5593.92397562
12.52 5981.11173396 6873.71688537 5605.69089705
12.53 5977.1894266 6866.99292894 5593.36364603
12.54 5979.99107471 6870.35490715 5597.84628276
12.55 5978.87041547 6869.79457745 5596.16529398
12.56 5975.50843773 6866.43259924 5591.68265725
12.57 5980.55140434 6873.71688537 5603.44957868
12.58 5975.50843773 6866.99292894 5591.12232766
12.59 5977.1894266 6869.79457745 5597.28595317
12.6 5978.31008585 6868.11358834 5595.60496439
12.61 5976.06876736 6865.87226953 5590.56199807
12.62 5979.99107471 6873.15655567 5601.20826031
12.63 5974.94810811 6865.87226953 5589.44133889
12.64 5977.74975622 6870.91523686 5596.16529398
12.65 5977.1894266 6869.23424775 5595.60496439
12.66 5974.38777849 6868.11358834 5593.36364603
12.67 5979.99107471 6873.15655567 5602.32891949
12.68 5975.50843773 6865.87226953 5590.56199807
12.69 5977.1894266 6870.35490715 5597.28595317
12.7 5977.1894266 6868.67391805 5593.36364603
12.71 5972.70678962 6866.43259924 5591.12232766
12.72 5977.1894266 6872.59622596 5601.20826031
12.73 5973.82744887 6866.99292894 5589.44133889
12.74 5976.06876736 6869.79457745 5596.16529398
12.75 5976.06876736 6869.79457745 5594.48430521
12.76 5973.26711925 6866.43259924 5590.56199807
12.77 5977.1894266 6872.59622596 5600.08760113
12.78 5973.26711925 6865.31193983 5588.32067971
12.79 5974.38777849 6868.11358834 5596.16529398
12.8 5974.94810811 6868.11358834 5592.80331643
12.81 5971.58613038 6865.31193983 5588.8810093
12.82 5975.50843773 6869.79457745 5597.84628276
12.83 5972.14646 6864.19128043 5586.63969093
12.84 5973.26711925 6867.55325864 5592.24298684
12.85 5973.26711925 6867.55325864 5592.80331643
12.86 5970.46547114 6865.31193983 5588.32067971
12.87 5975.50843773 6870.35490715 5599.52727153
12.88 5969.90514151 6864.75161013 5587.76035012
12.89 5974.38777849 6869.23424775 5592.80331643
12.9 5972.14646 6867.55325864 5593.36364603
12.91 5971.02580076 6863.63095073 5587.76035012
12.92 5976.62909698 6871.47556656 5599.52727153
12.93 5971.02580076 6863.07062102 5586.63969093
12.94 5973.82744887 6868.11358834 5592.24298684
12.95 5972.14646 6868.11358834 5590.56199807
12.96 5969.34481189 6863.07062102 5587.76035012
12.97 5974.38777849 6871.47556656 5596.72562357
12.98 5970.46547114 6865.31193983 5586.07936134
12.99 5972.14646 6867.55325864 5593.36364603
13.0 5972.70678962 6868.11358834 5590.56199807
13.01 5969.90514151 6864.19128043 5584.95870216
13.02 5973.82744887 6869.79457745 5598.40661235
13.03 5971.02580076 6863.07062102 5587.76035012
13.04 5972.70678962 6868.67391805 5592.24298684
13.05 5971.02580076 6866.43259924 5591.68265725
13.06 5969.90514151 6862.51029132 5587.20002052
13.07 5975.50843773 6868.67391805 5597.28595317
13.08 5970.46547114 6862.51029132 5587.20002052
13.09 5972.70678962 6865.87226953 5593.36364603
13.1 5972.70678962 6866.99292894 5594.48430521
13.11 5971.02580076 6861.38963192 5586.63969093
13.12 5974.94810811 6867.55325864 5597.84628276
13.13 5972.14646 6861.38963192 5587.76035012
13.14 5974.38777849 6865.31193983 5592.24298684
13.15 5972.70678962 6865.31193983 5590.00166848
13.16 5969.34481189 6861.94996162 5586.07936134
13.17 5974.94810811 6868.67391805 5596.72562357
13.18 5969.34481189 6861.94996162 5585.51903175
13.19 5971.02580076 6865.87226953 5591.12232766
13.2 5971.02580076 6864.75161013 5590.56199807
13.21 5968.22415265 6861.94996162 5586.63969093
13.22 5973.26711925 6867.55325864 5595.60496439
13.23 5969.34481189 6860.82930222 5583.27771339
13.24 5971.58613038 6866.43259924 5590.00166848
13.25 5968.78448227 6864.19128043 5589.44133889
13.26 5967.66382303 6861.38963192 5584.95870216
13.27 5972.14646 6866.99292894 5597.28595317
13.28 5968.22415265 6860.82930222 5586.63969093
13.29 5971.58613038 6863.63095073 5591.12232766
13.3 5971.58613038 6864.19128043 5590.00166848
13.31 5969.34481189 6859.14831311 5585.51903175
13.32 5973.82744887 6865.31193983 5596.16529398
13.33 5968.22415265 6859.14831311 5584.39837257
13.34 5971.02580076 6863.07062102 5590.00166848
13.35 5971.58613038 6863.07062102 5589.44133889
13.36 5968.78448227 6860.82930222 5585.51903175
13.37 5973.26711925 6867.55325864 5594.48430521
13.38 5968.22415265 6859.14831311 5584.39837257
13.39 5969.90514151 6861.94996162 5590.56199807
13.4 5970.46547114 6861.94996162 5588.32067971
13.41 5967.66382303 6859.14831311 5584.95870216
13.42 5973.26711925 6865.87226953 5595.60496439
13.43 5968.78448227 6858.58798341 5584.39837257
13.44 5969.90514151 6861.94996162 5591.12232766
13.45 5971.02580076 6862.51029132 5587.76035012
13.46 5967.66382303 6858.58798341 5586.07936134
13.47 5973.82744887 6865.31193983 5595.60496439
13.48 5968.22415265 6857.46732401 5584.39837257
13.49 5971.02580076 6861.94996162 5591.68265725
13.5 5971.02580076 6861.38963192 5587.20002052
13.51 5967.66382303 6858.02765371 5583.27771339
13.52 5972.14646 6864.75161013 5592.80331643
13.53 5966.54316378 6857.46732401 5582.15705421
13.54 5968.78448227 6861.38963192 5588.32067971
13.55 5968.22415265 6860.82930222 5587.20002052
13.56 5965.98283416 6856.90699431 5583.83804298
13.57 5970.46547114 6865.31193983 5593.36364603
13.58 5967.10349341 6857.46732401 5581.59672462
13.59 5968.78448227 6861.38963192 5587.76035012
13.6 5967.66382303 6861.94996162 5585.51903175
13.61 5964.86217492 6858.02765371 5582.15705421
13.62 5969.34481189 6864.75161013 5591.68265725
13.63 5964.86217492 6859.14831311 5581.59672462
13.64 5966.54316378 6862.51029132 5588.32067971
13.65 5965.98283416 6861.38963192 5587.76035012
13.66 5964.3018453 6858.02765371 5582.7173838
13.67 5969.34481189 6864.19128043 5592.80331643
13.68 5965.42250454 6858.58798341 5581.03639503
13.69 5967.10349341 6862.51029132 5587.76035012
13.7 5967.10349341 6860.82930222 5584.39837257
13.71 5963.74151568 6858.02765371 5582.15705421
13.72 5968.22415265 6864.75161013 5590.56199807
13.73 5963.18118606 6858.02765371 5581.59672462
13.74 5966.54316378 6861.38963192 5587.76035012
13.75 5966.54316378 6860.82930222 5587.20002052
13.76 5964.86217492 6856.90699431 5582.15705421
13.77 5968.78448227 6864.19128043 5591.68265725
13.78 5963.74151568 6858.02765371 5581.59672462
13.79 5966.54316378 6862.51029132 5588.32067971
13.8 5965.42250454 6860.82930222 5585.51903175
13.81 5963.74151568 6859.14831311 5579.91573585
13.82 5967.10349341 6862.51029132 5591.68265725
13.83 5963.74151568 6856.3466646 5581.03639503
13.84 5966.54316378 6860.26897251 5587.76035012
13.85 5966.54316378 6858.58798341 5585.51903175
13.86 5963.74151568 6856.3466646 5581.03639503
13.87 5968.78448227 6861.94996162 5591.68265725
13.88 5965.98283416 6855.7863349 5580.47606544
13.89 5967.10349341 6861.38963192 5584.95870216
13.9 5965.42250454 6859.14831311 5584.95870216
13.91 5963.18118606 6856.90699431 5581.03639503
13.92 5966.54316378 6863.63095073 5590.56199807
13.93 5960.93986757 6856.90699431 5579.35540626
13.94 5965.42250454 6860.26897251 5586.07936134
13.95 5964.86217492 6859.70864281 5586.07936134
13.96 5963.18118606 6856.3466646 5579.35540626
13.97 5969.34481189 6863.07062102 5589.44133889
13.98 5963.18118606 6855.2260052 5579.35540626
13.99 5965.42250454 6859.70864281 5587.76035012
14.0 5964.86217492 6858.02765371 5585.51903175
14.01 5963.18118606 6855.2260052 5581.59672462
14.02 5967.10349341 6861.94996162 5590.00166848
14.03 5961.50019719 6855.2260052 5579.91573585
14.04 5966.54316378 6858.02765371 5585.51903175
14.05 5964.3018453 6857.46732401 5585.51903175
14.06 5963.74151568 6855.2260052 5581.59672462
14.07 5968.78448227 6859.70864281 5591.12232766
14.08 5964.3018453 6852.9846864 5578.79507667
14.09 5965.42250454 6858.02765371 5585.51903175
14.1 5964.86217492 6858.02765371 5583.83804298
14.11 5962.06052681 6854.1053458 5579.35540626
14.12 5965.98283416 6860.82930222 5591.12232766
14.13 5964.3018453 6853.5450161 5581.03639503
14.14 5966.54316378 6858.02765371 5585.51903175
14.15 5964.86217492 6856.90699431 5584.39837257
14.16 5961.50019719 6854.6656755 5581.59672462
14.17 5966.54316378 6860.26897251 5590.00166848
14.18 5962.06052681 6854.1053458 5578.79507667
14.19 5964.86217492 6857.46732401 5585.51903175
14.2 5964.3018453 6855.2260052 5582.7173838
14.21 5962.06052681 6852.9846864 5579.35540626
14.22 5964.86217492 6859.14831311 5590.00166848
14.23 5961.50019719 6852.9846864 5576.55375831
14.24 5963.74151568 6856.90699431 5583.27771339
14.25 5963.18118606 6856.3466646 5581.59672462
14.26 5961.50019719 6854.6656755 5576.55375831
14.27 5964.3018453 6859.70864281 5587.20002052
14.28 5960.93986757 6854.6656755 5574.87276954
14.29 5963.18118606 6856.90699431 5581.03639503
14.3 5961.50019719 6855.7863349 5579.91573585
14.31 5959.25887871 6854.1053458 5575.99342872
14.32 5963.74151568 6859.70864281 5586.07936134
14.33 5959.25887871 6853.5450161 5577.1140879
14.34 5961.50019719 6859.14831311 5581.59672462
14.35 5962.62085644 6857.46732401 5582.15705421
14.36 5958.69854909 6854.1053458 5577.1140879
14.37 5962.62085644 6860.82930222 5587.76035012
14.38 5958.13821947 6854.6656755 5575.99342872
14.39 5960.93986757 6858.58798341 5583.27771339
14.4 5961.50019719 6855.2260052 5580.47606544
14.41 5959.25887871 6853.5450161 5576.55375831
14.42 5963.74151568 6859.14831311 5586.63969093
14.43 5960.93986757 6851.864027 5574.87276954
14.44 5960.93986757 6855.2260052 5581.59672462
14.45 5960.37953795 6855.2260052 5582.7173838
14.46 5959.25887871 6852.4243567 5577.67441749
14.47 5962.62085644 6857.46732401 5586.63969093
14.48 5959.25887871 6851.30369729 5576.55375831
14.49 5962.62085644 6854.6656755 5582.15705421
14.5 5960.37953795 6854.1053458 5581.03639503
14.51 5959.25887871 6851.864027 5575.99342872
14.52 5963.74151568 6856.3466646 5586.07936134
14.53 5958.69854909 6850.18303789 5574.31243995
14.54 5960.37953795 6854.1053458 5579.91573585
14.55 5960.37953795 6855.2260052 5580.47606544
14.56 5958.69854909 6852.9846864 5577.1140879
14.57 5962.62085644 6857.46732401 5585.51903175
14.58 5958.69854909 6852.9846864 5576.55375831
14.59 5961.50019719 6855.2260052 5581.03639503
14.6 5960.37953795 6854.1053458 5578.79507667
14.61 5957.01756023 6850.74336759 5574.87276954
14.62 5962.06052681 6858.02765371 5585.51903175
14.63 5958.69854909 6850.74336759 5575.43309913
14.64 5960.93986757 6855.2260052 5581.03639503
14.65 5960.37953795 6854.1053458 5579.91573585
14.66 5957.57788985 6850.74336759 5574.87276954
14.67 5961.50019719 6855.7863349 5584.39837257
14.68 5957.57788985 6849.62270819 5573.19178077
14.69 5960.93986757 6855.2260052 5581.03639503
14.7 5960.93986757 6852.9846864 5581.03639503
14.71 5957.01756023 6851.30369729 5576.55375831
14.72 5962.62085644 6856.90699431 5586.07936134
14.73 5958.69854909 6851.864027 5575.43309913
14.74 5959.81920833 6855.7863349 5581.59672462
14.75 5959.81920833 6853.5450161 5579.35540626
14.76 5957.01756023 6851.30369729 5574.87276954
14.77 5962.06052681 6856.3466646 5585.51903175
14.78 5958.13821947 6850.18303789 5574.31243995
14.79 5959.81920833 6854.6656755 5579.35540626
14.8 5958.69854909 6853.5450161 5578.23474708
14.81 5957.01756023 6850.18303789 5574.31243995
14.82 5959.81920833 6856.3466646 5584.95870216
14.83 5957.57788985 6849.06237849 5573.75211036
14.84 5959.81920833 6854.1053458 5579.91573585
14.85 5959.25887871 6851.864027 5579.35540626
14.86 5957.01756023 6849.62270819 5574.87276954
14.87 5960.93986757 6856.3466646 5585.51903175
14.88 5956.45723061 6848.50204879 5573.19178077
14.89 5958.69854909 6852.4243567 5582.15705421
14.9 5959.81920833 6851.30369729 5578.23474708
14.91 5957.01756023 6849.62270819 5574.31243995
14.92 5962.06052681 6856.3466646 5582.7173838
14.93 5957.57788985 6848.50204879 5572.63145118
14.94 5959.25887871 6852.9846864 5579.35540626
14.95 5957.57788985 6852.4243567 5579.91573585
14.96 5956.45723061 6849.62270819 5574.31243995
14.97 5960.93986757 6854.1053458 5585.51903175
14.98 5957.57788985 6846.82105969 5574.31243995
14.99 5959.25887871 6851.30369729 5579.91573585
15.0 5959.25887871 6850.18303789 5578.79507667
15.01 5956.45723061 6849.62270819 5573.19178077
15.02 5960.93986757 6854.6656755 5584.95870216
15.03 5956.45723061 6847.94171909 5572.63145118
15.04 5958.69854909 6852.9846864 5579.35540626
15.05 5958.69854909 6851.30369729 5578.23474708
15.06 5955.89690098 6849.62270819 5573.75211036
15.07 5960.37953795 6854.1053458 5583.27771339
15.08 5954.77624174 6847.94171909 5573.19178077
15.09 5958.13821947 6851.864027 5581.59672462
15.1 5957.57788985 6851.864027 5577.1140879
15.11 5955.89690098 6847.94171909 5572.63145118
15.12 5960.37953795 6854.1053458 5584.39837257
15.13 5956.45723061 6847.94171909 5572.63145118
15.14 5958.69854909 6851.864027 5577.67441749
15.15 5957.57788985 6849.62270819 5575.99342872
15.16 5954.21591212 6847.38138939 5571.510792
15.17 5959.81920833 6855.7863349 5581.03639503
15.18 5953.6555825 6846.82105969 5570.39013282
15.19 5955.89690098 6852.4243567 5577.1140879
15.2 5956.45723061 6851.30369729 5576.55375831
15.21 5954.21591212 6847.38138939 5572.63145118
15.22 5958.69854909 6851.864027 5583.27771339
15.23 5955.89690098 6846.26072999 5570.95046241
15.24 5958.13821947 6849.62270819 5578.79507667
15.25 5957.57788985 6850.18303789 5576.55375831
15.26 5954.77624174 6847.38138939 5573.19178077
15.27 5959.81920833 6855.2260052 5583.27771339
15.28 5955.33657136 6846.26072999 5572.07112159
15.29 5957.57788985 6849.62270819 5577.67441749
15.3 5957.57788985 6847.94171909 5575.43309913
15.31 5954.21591212 6845.70040029 5570.95046241
15.32 5959.81920833 6853.5450161 5582.15705421
15.33 5955.33657136 6844.57974089 5570.39013282
15.34 5955.89690098 6849.06237849 5577.67441749
15.35 5957.57788985 6848.50204879 5575.99342872
15.36 5954.77624174 6846.26072999 5572.07112159
15.37 5958.69854909 6852.9846864 5582.7173838
15.38 5954.77624174 6844.01941119 5570.39013282
15.39 5957.01756023 6848.50204879 5576.55375831
15.4 5955.33657136 6847.38138939 5575.99342872
15.41 5954.21591212 6846.26072999 5572.07112159
15.42 5958.69854909 6850.74336759 5580.47606544
15.43 5953.09525288 6845.70040029 5569.82980323
15.44 5955.33657136 6849.06237849 5574.87276954
15.45 5953.6555825 6848.50204879 5574.31243995
15.46 5952.53492326 6847.38138939 5570.95046241
15.47 5956.45723061 6852.9846864 5579.91573585
15.48 5951.97459364 6845.70040029 5569.82980323
15.49 5955.33657136 6849.62270819 5576.55375831
15.5 5954.77624174 6848.50204879 5574.87276954
15.51 5951.97459364 6845.70040029 5570.95046241
15.52 5957.01756023 6850.18303789 5578.79507667
15.53 5951.97459364 6844.57974089 5567.58848487
15.54 5954.77624174 6849.62270819 5574.31243995
15.55 5954.21591212 6848.50204879 5573.75211036
15.56 5950.8539344 6846.26072999 5570.39013282
15.57 5957.01756023 6851.864027 5579.35540626
15.58 5952.53492326 6846.26072999 5567.02815528
15.59 5954.21591212 6850.74336759 5574.31243995
15.6 5953.6555825 6848.50204879 5572.07112159
15.61 5951.41426402 6846.26072999 5568.14881446
15.62 5955.33657136 6852.4243567 5579.35540626
15.63 5950.8539344 6844.57974089 5568.14881446
15.64 5953.09525288 6848.50204879 5574.87276954
15.65 5953.09525288 6846.82105969 5575.43309913
15.66 5953.09525288 6845.14007059 5571.510792
15.67 5957.01756023 6850.18303789 5580.47606544
15.68 5953.09525288 6843.45908149 5568.70914405
15.69 5954.77624174 6847.94171909 5574.31243995
15.7 5954.21591212 6847.38138939 5573.19178077
15.71 5951.97459364 6844.57974089 5569.26947364
15.72 5955.89690098 6851.864027 5579.35540626
15.73 5950.8539344 6843.45908149 5567.58848487
15.74 5953.09525288 6849.62270819 5573.75211036
15.75 5951.97459364 6847.94171909 5569.26947364
15.76 5950.8539344 6845.14007059 5567.02815528
15.77 5953.6555825 6850.18303789 5579.35540626
15.78 5950.29360478 6844.01941119 5565.34716651
15.79 5951.97459364 6848.50204879 5573.75211036
15.8 5951.41426402 6848.50204879 5571.510792
15.81 5949.17294554 6845.70040029 5565.9074961
15.82 5953.09525288 6850.74336759 5578.23474708
15.83 5951.41426402 6843.45908149 5567.02815528
15.84 5953.6555825 6847.94171909 5573.75211036
15.85 5952.53492326 6847.94171909 5571.510792
15.86 5950.29360478 6845.70040029 5567.02815528
15.87 5953.09525288 6852.9846864 5577.67441749
15.88 5949.73327516 6846.26072999 5565.34716651
15.89 5950.8539344 6848.50204879 5575.43309913
15.9 5951.97459364 6847.38138939 5573.19178077
15.91 5949.73327516 6844.01941119 5567.58848487
15.92 5954.21591212 6849.62270819 5577.67441749
15.93 5949.73327516 6844.01941119 5565.34716651
15.94 5951.41426402 6848.50204879 5573.19178077
15.95 5951.41426402 6847.94171909 5570.39013282
15.96 5948.61261592 6846.26072999 5567.02815528
15.97 5953.6555825 6851.864027 5575.43309913
15.98 5948.0522863 6844.57974089 5564.22650734
15.99 5949.17294554 6849.62270819 5570.39013282
16.0 5949.17294554 6849.06237849 5568.14881446
16.01 5947.49195668 6845.14007059 5565.9074961
16.02 5953.09525288 6850.74336759 5575.99342872
16.03 5946.37129744 6844.57974089 5563.66617775
16.04 5949.73327516 6848.50204879 5570.95046241
16.05 5949.73327516 6846.82105969 5569.82980323
16.06 5949.17294554 6844.57974089 5564.22650734
16.07 5950.8539344 6850.74336759 5574.31243995
16.08 5947.49195668 6843.45908149 5563.66617775
16.09 5949.73327516 6848.50204879 5572.07112159
16.1 5948.61261592 6845.70040029 5569.26947364
16.11 5949.17294554 6843.45908149 5565.34716651
16.12 5952.53492326 6849.06237849 5574.87276954
16.13 5948.0522863 6843.45908149 5565.34716651
16.14 5950.8539344 6846.82105969 5573.19178077
16.15 5950.29360478 6846.26072999 5570.39013282
16.16 5948.61261592 6842.89875179 5567.02815528
16.17 5953.6555825 6848.50204879 5577.67441749
16.18 5949.17294554 6841.77809239 5568.14881446
16.19 5951.41426402 6846.82105969 5574.31243995
16.2 5951.41426402 6845.14007059 5570.95046241
16.21 5949.73327516 6842.89875179 5568.14881446
16.22 5955.33657136 6849.06237849 5575.99342872
16.23 5949.73327516 6842.89875179 5565.34716651
16.24 5950.8539344 6846.82105969 5572.07112159
16.25 5950.8539344 6846.26072999 5571.510792
16.26 5948.0522863 6842.89875179 5567.58848487
16.27 5951.97459364 6848.50204879 5577.67441749
16.28 5949.17294554 6841.21776269 5567.02815528
16.29 5950.8539344 6846.26072999 5573.75211036
16.3 5949.73327516 6842.89875179 5570.95046241
16.31 5948.61261592 6841.21776269 5565.9074961
16.32 5953.09525288 6846.26072999 5574.87276954
16.33 5947.49195668 6840.65743299 5564.22650734
16.34 5950.8539344 6845.70040029 5573.19178077
16.35 5948.61261592 6845.14007059 5570.95046241
16.36 5946.93162706 6843.45908149 5565.34716651
16.37 5951.97459364 6848.50204879 5574.31243995
16.38 5947.49195668 6841.21776269 5563.10584816
16.39 5949.73327516 6845.70040029 5570.39013282
16.4 5949.17294554 6844.01941119 5570.39013282
16.41 5947.49195668 6841.77809239 5565.9074961
16.42 5952.53492326 6846.82105969 5576.55375831
16.43 5947.49195668 6840.65743299 5565.9074961
16.44 5950.8539344 6845.14007059 5571.510792
16.45 5949.17294554 6843.45908149 5569.26947364
16.46 5946.37129744 6841.77809239 5565.9074961
16.47 5951.97459364 6847.94171909 5576.55375831
16.48 5947.49195668 6838.97644389 5564.22650734
16.49 5949.17294554 6844.01941119 5572.07112159
16.5 5949.17294554 6842.33842209 5568.70914405
16.51 5946.37129744 6842.33842209 5565.34716651
16.52 5950.8539344 6847.38138939 5575.99342872
16.53 5946.37129744 6841.77809239 5562.54551857
16.54 5949.17294554 6844.57974089 5570.95046241
16.55 5949.73327516 6845.14007059 5568.14881446
16.56 5946.93162706 6841.21776269 5564.22650734
16.57 5950.8539344 6847.94171909 5573.75211036
16.58 5945.2506382 6841.77809239 5560.30420021
16.59 5947.49195668 6845.14007059 5569.82980323
16.6 5946.93162706 6844.01941119 5567.58848487
16.61 5944.12997896 6841.77809239 5564.78683693
16.62 5949.73327516 6848.50204879 5574.87276954
16.63 5945.2506382 6842.33842209 5563.10584816
16.64 5946.93162706 6845.14007059 5570.39013282
16.65 5948.0522863 6842.33842209 5568.14881446
16.66 5944.12997896 6840.65743299 5563.66617775
16.67 5948.61261592 6846.82105969 5575.43309913
16.68 5945.81096782 6839.53677359 5564.78683693
16.69 5949.17294554 6843.45908149 5572.07112159
16.7 5948.0522863 6842.89875179 5570.39013282
16.71 5945.81096782 6840.65743299 5565.34716651
16.72 5949.73327516 6847.38138939 5574.87276954
16.73 5945.81096782 6841.77809239 5562.54551857
16.74 5946.93162706 6845.14007059 5569.26947364
16.75 5946.93162706 6844.57974089 5567.02815528
16.76 5945.2506382 6841.77809239 5561.98518898
16.77 5949.73327516 6845.70040029 5571.510792
16.78 5945.81096782 6840.65743299 5560.30420021
16.79 5946.93162706 6844.57974089 5569.82980323
16.8 5946.37129744 6842.33842209 5566.46782569
16.81 5945.2506382 6840.65743299 5565.34716651
16.82 5950.29360478 6846.26072999 5574.31243995
16.83 5945.2506382 6838.97644389 5563.10584816
16.84 5948.61261592 6841.77809239 5570.95046241
16.85 5948.61261592 6842.33842209 5568.70914405
16.86 5946.37129744 6839.53677359 5565.34716651
16.87 5950.8539344 6845.70040029 5574.31243995
16.88 5946.37129744 6838.41611419 5563.66617775
16.89 5948.61261592 6842.89875179 5570.95046241
16.9 5948.61261592 6842.33842209 5567.58848487
16.91 5945.2506382 6838.41611419 5564.78683693
16.92 5950.29360478 6844.57974089 5575.43309913
16.93 5946.93162706 6838.41611419 5561.98518898
16.94 5946.37129744 6842.89875179 5569.26947364
16.95 5946.93162706 6840.65743299 5567.58848487
16.96 5944.12997896 6838.41611419 5563.66617775
16.97 5949.73327516 6845.14007059 5573.19178077
16.98 5945.81096782 6837.29545479 5563.66617775
16.99 5948.0522863 6841.77809239 5570.39013282
17.0 5948.0522863 6842.33842209 5567.58848487
17.01 5944.12997896 6838.97644389 5561.98518898
17.02 5948.61261592 6843.45908149 5573.75211036
17.03 5944.69030858 6840.09710329 5559.74387063
17.04 5946.37129744 6844.01941119 5568.70914405
17.05 5945.2506382 6841.77809239 5566.46782569
17.06 5942.4489901 6839.53677359 5562.54551857
17.07 5948.61261592 6845.70040029 5573.75211036
17.08 5944.12997896 6838.97644389 5561.98518898
17.09 5947.49195668 6845.70040029 5567.58848487
17.1 5945.2506382 6841.77809239 5566.46782569
17.11 5943.00931972 6840.09710329 5563.66617775
17.12 5947.49195668 6844.01941119 5572.07112159
17.13 5944.12997896 6837.29545479 5561.42485939
17.14 5945.81096782 6842.33842209 5568.70914405
17.15 5945.81096782 6840.09710329 5565.34716651
17.16 5943.56964934 6837.85578449 5562.54551857
17.17 5948.61261592 6844.01941119 5572.63145118
17.18 5943.00931972 6838.41611419 5560.8645298
17.19 5944.69030858 6842.89875179 5569.82980323
17.2 5944.69030858 6841.21776269 5567.02815528
17.21 5942.4489901 6838.41611419 5563.66617775
17.22 5948.0522863 6844.01941119 5573.75211036
17.23 5944.12997896 6837.29545479 5559.74387063
17.24 5946.37129744 6841.77809239 5567.58848487
17.25 5946.37129744 6841.21776269 5565.9074961
17.26 5941.88866048 6837.29545479 5561.42485939
17.27 5946.37129744 6842.89875179 5572.07112159
17.28 5943.56964934 6838.41611419 5560.8645298
17.29 5946.37129744 6842.89875179 5568.70914405
17.3 5945.2506382 6839.53677359 5565.9074961
17.31 5943.00931972 6837.29545479 5563.10584816
17.32 5947.49195668 6844.01941119 5572.63145118
17.33 5943.00931972 6837.29545479 5561.42485939
17.34 5945.81096782 6841.77809239 5567.58848487
17.35 5944.69030858 6839.53677359 5567.02815528
17.36 5942.4489901 6838.41611419 5562.54551857
17.37 5948.0522863 6842.33842209 5571.510792
17.38 5944.12997896 6836.73512509 5563.10584816
17.39 5946.93162706 6841.21776269 5569.26947364
17.4 5945.2506382 6838.41611419 5564.78683693
17.41 5943.56964934 6837.29545479 5563.10584816
17.42 5948.61261592 6841.77809239 5571.510792
17.43 5944.12997896 6834.49380629 5560.8645298
17.44 5946.93162706 6838.97644389 5569.26947364
17.45 5945.2506382 6836.73512509 5567.58848487
17.46 5944.12997896 6835.61446569 5563.66617775
17.47 5948.61261592 6841.21776269 5571.510792
17.48 5945.2506382 6833.9334766 5560.8645298
17.49 5947.49195668 6838.97644389 5568.70914405
17.5 5945.81096782 6836.73512509 5562.54551857
17.51 5943.00931972 6835.61446569 5560.8645298
17.52 5946.93162706 6842.89875179 5570.95046241
17.53 5941.88866048 6835.05413599 5559.74387063
17.54 5944.12997896 6840.09710329 5568.70914405
17.55 5944.69030858 6838.97644389 5564.78683693
17.56 5942.4489901 6837.29545479 5562.54551857
17.57 5946.93162706 6844.57974089 5571.510792
17.58 5942.4489901 6836.17479539 5560.30420021
17.59 5945.2506382 6839.53677359 5567.02815528
17.6 5944.12997896 6837.85578449 5564.22650734
17.61 5942.4489901 6836.17479539 5560.30420021
17.62 5946.37129744 6844.01941119 5568.70914405
17.63 5941.32833087 6836.73512509 5559.74387063
17.64 5943.56964934 6840.09710329 5567.58848487
17.65 5944.12997896 6839.53677359 5564.22650734
17.66 5942.4489901 6837.29545479 5561.98518898
17.67 5946.93162706 6842.89875179 5570.95046241
17.68 5942.4489901 6836.73512509 5558.62321145
17.69 5944.12997896 6839.53677359 5565.34716651
17.7 5942.4489901 6838.97644389 5561.42485939
17.71 5939.64734201 6837.29545479 5559.18354104
17.72 5944.69030858 6842.89875179 5567.58848487
17.73 5939.64734201 6835.05413599 5558.62321145
17.74 5943.00931972 6840.09710329 5565.9074961
17.75 5943.00931972 6840.09710329 5563.66617775
17.76 5940.20767163 6836.73512509 5560.8645298
17.77 5945.2506382 6841.77809239 5570.39013282
17.78 5941.32833087 6835.61446569 5560.30420021
17.79 5944.12997896 6841.77809239 5567.58848487
17.8 5943.00931972 6838.41611419 5564.22650734
17.81 5942.4489901 6835.05413599 5560.8645298
17.82 5948.0522863 6842.33842209 5570.95046241
17.83 5941.88866048 6835.61446569 5559.18354104
17.84 5944.12997896 6838.97644389 5565.34716651
17.85 5944.12997896 6838.41611419 5561.98518898
17.86 5941.32833087 6836.73512509 5558.62321145
17.87 5946.37129744 6844.01941119 5569.26947364
17.88 5940.20767163 6837.29545479 5556.94222268
17.89 5942.4489901 6840.09710329 5565.34716651
17.9 5943.00931972 6838.41611419 5561.42485939
17.91 5940.20767163 6837.29545479 5559.18354104
17.92 5944.69030858 6842.89875179 5569.82980323
17.93 5942.4489901 6834.49380629 5557.50255227
17.94 5944.12997896 6838.41611419 5565.9074961
17.95 5943.00931972 6837.85578449 5563.10584816
17.96 5940.20767163 6833.9334766 5558.06288186
17.97 5946.37129744 6840.09710329 5570.95046241
17.98 5941.88866048 6834.49380629 5559.18354104
17.99 5944.12997896 6838.97644389 5566.46782569
18.0 5944.12997896 6836.73512509 5561.98518898
18.01 5939.64734201 6834.49380629 5560.30420021
18.02 5945.81096782 6840.65743299 5570.95046241
18.03 5942.4489901 6833.9334766 5559.18354104
18.04 5943.00931972 6838.41611419 5565.9074961
18.05 5943.00931972 6837.29545479 5564.78683693
18.06 5941.32833087 6835.05413599 5561.42485939
18.07 5946.37129744 6841.21776269 5569.82980323
18.08 5940.76800125 6834.49380629 5558.62321145
18.09 5943.56964934 6839.53677359 5565.9074961
18.1 5941.88866048 6837.29545479 5564.78683693
18.11 5940.76800125 6835.05413599 5561.98518898
18.12 5945.81096782 6840.65743299 5569.26947364
18.13 5941.88866048 6833.9334766 5559.18354104
18.14 5945.81096782 6837.29545479 5567.58848487
18.15 5942.4489901 6835.61446569 5563.66617775
18.16 5941.88866048 6833.3731469 5560.8645298
18.17 5946.37129744 6840.09710329 5570.39013282
18.18 5941.88866048 6833.9334766 5558.62321145
18.19 5944.12997896 6837.29545479 5565.34716651
18.2 5940.76800125 6836.73512509 5562.54551857
18.21 5939.08701239 6835.61446569 5558.06288186
18.22 5943.00931972 6841.21776269 5570.39013282
18.23 5940.76800125 6833.9334766 5555.82156351
18.24 5943.00931972 6838.97644389 5564.22650734
18.25 5943.00931972 6837.85578449 5563.10584816
18.26 5939.08701239 6836.17479539 5559.18354104
18.27 5943.00931972 6841.21776269 5570.39013282
18.28 5940.20767163 6833.9334766 5559.18354104
18.29 5941.88866048 6837.29545479 5566.46782569
18.3 5944.12997896 6837.29545479 5562.54551857
18.31 5939.64734201 6833.9334766 5558.62321145
18.32 5944.69030858 6839.53677359 5569.26947364
18.33 5941.32833087 6833.9334766 5554.70090433
18.34 5942.4489901 6838.97644389 5564.22650734
18.35 5940.20767163 6836.73512509 5559.18354104
18.36 5939.08701239 6835.05413599 5555.82156351
18.37 5941.88866048 6840.65743299 5567.58848487
18.38 5939.08701239 6835.05413599 5555.26123392
18.39 5939.64734201 6838.97644389 5563.66617775
18.4 5939.08701239 6837.85578449 5561.98518898
18.41 5937.40602353 6834.49380629 5559.74387063
18.42 5943.00931972 6840.09710329 5569.82980323
18.43 5939.64734201 6833.3731469 5556.94222268
18.44 5940.76800125 6838.97644389 5563.10584816
18.45 5940.20767163 6835.05413599 5559.74387063
18.46 5939.08701239 6833.9334766 5557.50255227
18.47 5943.00931972 6838.97644389 5567.02815528
18.48 5938.52668277 6833.3731469 5558.62321145
18.49 5941.88866048 6837.85578449 5564.22650734
18.5 5940.20767163 6835.61446569 5560.8645298
18.51 5939.64734201 6835.05413599 5556.94222268
18.52 5941.88866048 6840.65743299 5567.58848487
18.53 5939.08701239 6834.49380629 5555.82156351
18.54 5939.08701239 6838.97644389 5565.34716651
18.55 5939.08701239 6836.17479539 5561.42485939
18.56 5937.96635315 6835.61446569 5558.06288186
18.57 5941.88866048 6840.09710329 5568.14881446
18.58 5938.52668277 6833.3731469 5554.70090433
18.59 5942.4489901 6837.85578449 5563.10584816
18.6 5939.64734201 6836.17479539 5558.62321145
18.61 5935.72503467 6835.05413599 5556.94222268
18.62 5941.32833087 6841.21776269 5565.9074961
18.63 5937.96635315 6833.9334766 5554.70090433
18.64 5939.64734201 6837.85578449 5561.98518898
18.65 5938.52668277 6837.29545479 5559.18354104
18.66 5937.96635315 6835.05413599 5556.38189309
18.67 5941.32833087 6840.65743299 5567.58848487
18.68 5937.96635315 6834.49380629 5555.26123392
18.69 5939.08701239 6838.97644389 5561.42485939
18.7 5938.52668277 6838.41611419 5558.62321145
18.71 5936.28536429 6835.05413599 5554.70090433
18.72 5939.64734201 6840.65743299 5567.02815528
18.73 5935.72503467 6835.05413599 5555.26123392
18.74 5938.52668277 6838.41611419 5561.98518898
18.75 5937.96635315 6836.17479539 5559.74387063
18.76 5936.28536429 6834.49380629 5555.26123392
18.77 5942.4489901 6839.53677359 5565.9074961
18.78 5937.40602353 6833.3731469 5553.58024515
18.79 5940.20767163 6837.85578449 5561.42485939
18.8 5938.52668277 6836.17479539 5558.62321145
18.81 5936.28536429 6833.9334766 5554.14057474
18.82 5939.64734201 6840.09710329 5564.22650734
18.83 5936.28536429 6834.49380629 5554.14057474
18.84 5939.64734201 6837.29545479 5560.8645298
18.85 5938.52668277 6836.17479539 5558.62321145
18.86 5936.84569391 6836.17479539 5555.82156351
18.87 5941.88866048 6839.53677359 5566.46782569
18.88 5937.96635315 6833.9334766 5555.26123392
18.89 5938.52668277 6837.29545479 5563.10584816
18.9 5939.64734201 6835.05413599 5560.30420021
18.91 5936.28536429 6833.3731469 5556.94222268
18.92 5941.88866048 6839.53677359 5567.58848487
18.93 5936.84569391 6832.8128172 5555.82156351
18.94 5942.4489901 6836.73512509 5563.66617775
18.95 5939.08701239 6836.17479539 5560.30420021
18.96 5937.96635315 6832.8128172 5556.94222268
18.97 5942.4489901 6838.41611419 5567.58848487
18.98 5939.64734201 6831.6921578 5557.50255227
18.99 5942.4489901 6836.17479539 5564.78683693
19.0 5942.4489901 6832.8128172 5558.62321145
19.01 5938.52668277 6833.3731469 5555.26123392
19.02 5941.88866048 6837.29545479 5564.78683693
19.03 5938.52668277 6832.2524875 5553.01991556
19.04 5939.64734201 6835.05413599 5561.98518898
19.05 5939.08701239 6835.61446569 5558.62321145
19.06 5935.16470505 6832.2524875 5555.26123392
19.07 5940.76800125 6838.97644389 5565.9074961
19.08 5936.84569391 6831.6921578 5554.14057474
19.09 5939.64734201 6837.85578449 5561.42485939
19.1 5938.52668277 6835.05413599 5559.18354104
19.11 5936.28536429 6833.3731469 5555.82156351
19.12 5939.64734201 6838.41611419 5564.22650734
19.13 5935.72503467 6831.6921578 5551.89925639
19.14 5937.40602353 6836.17479539 5562.54551857
19.15 5937.40602353 6835.61446569 5558.62321145
19.16 5935.72503467 6833.9334766 5554.70090433
19.17 5939.64734201 6838.41611419 5564.22650734
19.18 5935.16470505 6833.3731469 5554.70090433
19.19 5937.96635315 6836.73512509 5561.42485939
19.2 5937.96635315 6836.17479539 5558.62321145
19.21 5935.72503467 6832.8128172 5555.26123392
19.22 5939.64734201 6838.41611419 5565.34716651
19.23 5935.72503467 6832.2524875 5554.14057474
19.24 5938.52668277 6837.85578449 5559.18354104
19.25 5937.40602353 6833.9334766 5556.38189309
19.26 5933.4837162 6833.9334766 5553.01991556
19.27 5939.08701239 6839.53677359 5563.10584816
19.28 5935.16470505 6832.8128172 5553.01991556
19.29 5937.96635315 6837.29545479 5562.54551857
19.3 5936.28536429 6833.9334766 5559.18354104
19.31 5934.60437544 6832.2524875 5555.82156351
19.32 5940.20767163 6836.73512509 5564.22650734
19.33 5935.72503467 6831.6921578 5554.14057474
19.34 5937.96635315 6836.17479539 5561.42485939
19.35 5937.96635315 6833.9334766 5557.50255227
19.36 5936.28536429 6832.8128172 5553.01991556
19.37 5939.08701239 6838.41611419 5564.22650734
19.38 5934.04404582 6832.2524875 5553.01991556
19.39 5936.84569391 6836.17479539 5560.30420021
19.4 5936.84569391 6833.3731469 5555.82156351
19.41 5933.4837162 6832.8128172 5553.01991556
19.42 5937.40602353 6838.41611419 5561.98518898
19.43 5933.4837162 6831.6921578 5551.3389268
19.44 5935.72503467 6836.73512509 5559.74387063
19.45 5935.16470505 6833.3731469 5556.94222268
19.46 5934.04404582 6832.8128172 5554.14057474
19.47 5937.40602353 6838.41611419 5561.98518898
19.48 5932.92338658 6831.6921578 5554.14057474
19.49 5936.28536429 6837.29545479 5560.8645298
19.5 5935.72503467 6835.61446569 5555.82156351
19.51 5932.92338658 6833.3731469 5554.14057474
19.52 5937.96635315 6840.65743299 5564.78683693
19.53 5932.92338658 6832.2524875 5553.01991556
19.54 5937.40602353 6836.73512509 5560.8645298
19.55 5936.28536429 6833.9334766 5555.26123392
19.56 5934.04404582 6831.6921578 5554.14057474
19.57 5939.64734201 6837.29545479 5563.10584816
19.58 5933.4837162 6828.89050931 5550.77859721
19.59 5935.72503467 6835.61446569 5559.18354104
19.6 5934.60437544 6833.9334766 5557.50255227
19.61 5932.92338658 6831.6921578 5554.70090433
19.62 5937.96635315 6837.29545479 5564.22650734
19.63 5936.28536429 6831.1318281 5552.45958598
19.64 5936.84569391 6833.9334766 5558.62321145
19.65 5935.72503467 6832.2524875 5558.62321145
19.66 5935.72503467 6831.1318281 5555.26123392
19.67 5938.52668277 6836.17479539 5565.34716651
19.68 5936.84569391 6831.6921578 5555.26123392
19.69 5938.52668277 6833.9334766 5562.54551857
19.7 5937.96635315 6831.6921578 5558.06288186
19.71 5936.28536429 6830.0111687 5555.82156351
19.72 5941.32833087 6836.17479539 5565.34716651
19.73 5937.40602353 6829.450839 5555.26123392
19.74 5939.08701239 6835.05413599 5560.8645298
19.75 5936.84569391 6833.3731469 5556.38189309
19.76 5935.16470505 6831.1318281 5553.58024515
19.77 5939.64734201 6836.73512509 5563.10584816
19.78 5933.4837162 6831.1318281 5551.89925639
19.79 5936.28536429 6836.17479539 5559.18354104
19.8 5935.72503467 6833.3731469 5556.94222268
19.81 5932.92338658 6831.1318281 5553.58024515
19.82 5937.96635315 6837.85578449 5562.54551857
19.83 5934.04404582 6830.0111687 5551.3389268
19.84 5936.28536429 6835.05413599 5557.50255227
19.85 5934.60437544 6833.3731469 5554.70090433
19.86 5930.68206811 6831.1318281 5551.89925639
19.87 5936.84569391 6838.41611419 5560.30420021
19.88 5930.68206811 6832.8128172 5551.89925639
19.89 5935.16470505 6835.61446569 5558.62321145
19.9 5933.4837162 6835.05413599 5556.38189309
19.91 5932.92338658 6832.8128172 5551.89925639
19.92 5935.16470505 6838.41611419 5561.98518898
19.93 5932.92338658 6832.2524875 5549.65793804
19.94 5935.16470505 6836.17479539 5556.94222268
19.95 5933.4837162 6833.9334766 5554.70090433
19.96 5931.80272734 6832.2524875 5551.89925639
19.97 5936.84569391 6837.85578449 5560.8645298
19.98 5931.80272734 6831.6921578 5550.21826762
19.99 5935.72503467 6836.17479539 5558.62321145
