1.0 9910.14445339 9149.21630243 6196.83864222
1.01 9078.05439834 9415.93337065 6919.10359149
1.02 8605.13594634 9207.49061845 7271.55098831
1.03 8350.18585311 8927.88597456 7446.37387071
1.04 8203.37943198 8683.02180177 7498.48453867
1.05 8119.32995622 8521.08646354 7512.49278284
1.06 8071.14159076 8421.90807575 7505.76882563
1.07 8030.23751348 8356.90981144 7474.95068856
1.08 8002.7813522 8332.25529762 7464.30442307
1.09 7971.96321217 8314.32474219 7432.36562672
1.1 7946.74837047 8310.4024332 7414.43507447
1.11 7926.01616739 8313.76441234 7400.98716032
1.12 7899.6806663 8310.96276306 7372.41034286
1.13 7881.18978263 8319.92804076 7367.36737508
1.14 7858.77659041 8316.00573176 7341.59220655
1.15 7839.72537709 8319.3677109 7330.94594132
1.16 7825.15680225 8325.53133933 7321.4203356
1.17 7804.42459966 8322.16936018 7300.12780524
1.18 7792.09734411 8331.1346379 7297.88648626
1.19 7774.16679063 8326.65199904 7276.59395599
1.2 7760.15854577 8328.33298861 7268.7493396
1.21 7748.95194991 8333.37595734 7263.14604218
1.22 7731.58172637 8327.77265876 7244.09483101
1.23 7722.05611994 8334.49661705 7246.8964797
1.24 7709.1685348 8328.33298861 7229.5262578
1.25 7696.84127947 8330.01397819 7220.560982
1.26 7687.87600289 8333.37595734 7217.75933331
1.27 7673.30742848 8327.2123289 7200.38911149
1.28 7668.26446042 8332.81562748 7202.0701007
1.29 7656.49753497 8327.77265876 7187.5015276
1.3 7647.53225846 8328.33298861 7181.89823027
1.31 7641.36863087 8330.01397819 7180.7775708
1.32 7629.0413757 8322.16936018 7165.64866803
1.33 7623.99840769 8326.65199904 7169.57097615
1.34 7615.59346101 8321.04870047 7155.00240314
1.35 7608.86950368 8320.48837061 7149.95943556
1.36 7603.2662059 8323.2900199 7149.95943556
1.37 7592.05961038 8316.56606162 7134.83053287
1.38 7589.2579615 8320.48837061 7138.75284097
1.39 7580.85301488 8313.20408248 7126.42558695
1.4 7574.12905759 8312.08342277 7123.06360858
1.41 7571.32740872 8314.32474219 7123.62393831
1.42 7561.80180258 8307.04045407 7109.61569514
1.43 7560.68114304 8311.52309291 7116.33965186
1.44 7551.71586669 8304.2388048 7101.21074926
1.45 7546.11256898 8304.2388048 7098.96943036
1.46 7543.31092012 8304.2388048 7099.52976008
1.47 7534.3456438 8297.51484654 7087.20250615
1.48 7532.10432473 8299.19583611 7092.80580339
1.49 7525.3803675 8293.03220771 7079.91821974
1.5 7521.45805912 8293.03220771 7077.11657113
1.51 7518.65641028 8294.15286742 7079.35789002
1.52 7510.25146377 8285.18758977 7068.15129557
1.53 7510.81179353 8289.67022859 7074.31492251
1.54 7503.52750657 8282.38594051 7062.54799835
1.55 7499.60519821 8281.82561065 7060.86700919
1.56 7497.36387914 8280.70495095 7062.54799835
1.57 7490.07959219 8273.42066288 7050.2207445
1.58 7490.07959219 8279.58429125 7057.50503086
1.59 7483.91596478 8270.05868377 7042.93645814
1.6 7479.99365644 8270.61901362 7043.49678786
1.61 7478.31266714 8270.61901362 7044.05711758
1.62 7471.58870998 8263.89505542 7032.29019348
1.63 7470.46805046 8267.81736437 7036.21250151
1.64 7464.30442307 8261.65373602 7025.56623686
1.65 7458.70112545 8258.29175692 7025.56623686
1.66 7457.58046593 8261.65373602 7028.92821517
1.67 7450.29617903 8254.92977782 7015.48030195
1.68 7450.29617903 8256.61076737 7022.20425856
1.69 7444.13255167 8249.32647933 7011.55799394
1.7 7441.33090287 8248.20581964 7009.31667507
1.71 7439.64991359 8248.20581964 7013.7993128
1.72 7435.16727552 8240.92153161 7002.59271848
1.73 7435.72760528 8244.2835107 7009.31667507
1.74 7430.68463745 8238.11988238 6999.79106991
1.75 7427.88298865 8238.68021222 6999.23074019
1.76 7426.20199938 8238.11988238 7000.35139962
1.77 7420.5987018 8229.71493468 6988.0241459
1.78 7421.15903156 8234.19757345 6995.8687619
1.79 7414.43507447 8226.91328545 6984.66216762
1.8 7412.19375544 8225.79262576 6982.42084876
1.81 7411.63342568 8228.03394514 6985.22249733
1.82 7405.46979836 8219.62899746 6975.13656249
1.83 7405.46979836 8222.99097653 6980.73985962
1.84 7399.30617105 8219.06866761 6971.77458422
1.85 7397.06485203 8217.38767808 6969.53326537
1.86 7395.94419252 8217.38767808 6971.77458422
1.87 7389.78056522 8208.42240057 6959.44733056
1.88 7390.34089497 8211.78437963 6968.41260594
1.89 7385.29792718 8207.86207072 6956.08535229
1.9 7380.81528915 8205.62075135 6956.645682
1.91 7380.2549594 8207.86207072 6958.32667113
1.92 7374.65166187 8198.89679323 6945.9994175
1.93 7374.65166187 8205.06042151 6955.52502258
1.94 7369.60869409 8196.65547386 6944.31842837
1.95 7367.92770484 8196.09514402 6943.19776895
1.96 7367.36737508 8196.65547386 6947.12007692
1.97 7361.20374781 8188.81085607 6934.79282331
1.98 7361.20374781 8193.29349481 6942.63743924
1.99 7356.7211098 8187.69019639 6931.99117477
2.0 7355.04012055 8184.88854719 6931.43084506
2.01 7354.4797908 8186.56953671 6934.79282331
2.02 7347.7558338 8178.72491894 6923.02589944
2.03 7349.9971528 8183.20755766 6929.74985594
2.04 7343.83352555 8178.1645891 6920.78458061
2.05 7342.1525363 8176.48359958 6921.34491032
2.06 7341.59220655 8177.04392942 6923.02589944
2.07 7335.98890906 8171.44063102 6911.8193053
2.08 7337.10956855 8174.24228022 6918.54326178
2.09 7331.50627107 8168.07865198 6909.01765676
2.1 7328.14429258 8165.27700279 6907.33666764
2.11 7330.38561157 8168.63898182 6909.57798647
2.12 7323.10132485 8161.91502376 6900.05238147
2.13 7324.22198434 8164.15634311 6907.89699735
2.14 7319.17901661 8159.6737044 6897.81106265
2.15 7316.93769763 8157.99271489 6898.37139235
2.16 7316.37736788 8160.23403424 6901.17304088
2.17 7311.33440016 8152.94974635 6888.84578737
2.18 7310.21374067 8156.31172537 6896.13007353
2.19 7305.7311027 8150.14809716 6887.16479826
2.2 7305.17077295 8147.90677781 6886.60446855
2.21 7305.7311027 8150.708427 6890.52677648
2.22 7300.68813499 8142.86380929 6880.44084181
2.23 7303.48978372 8146.2257883 6886.60446855
2.24 7296.20549703 8140.06216011 6874.27721507
2.25 7293.40384831 8138.3811706 6874.83754478
2.26 7295.64516728 8139.50183027 6878.7598527
2.27 7288.92121035 8132.77787224 6866.99292894
2.28 7291.16252933 8138.3811706 6875.95820418
2.29 7284.99890214 8130.5365529 6865.87226953
2.3 7281.07659394 8130.5365529 6865.87226953
2.31 7283.31791291 8131.65721257 6870.91523686
2.32 7277.15428574 8124.37292472 6861.38963192
2.33 7280.5162642 8129.41589323 6868.11358834
2.34 7274.91296677 8122.69193522 6859.70864281
2.35 7273.79230728 8121.57127555 6855.7863349
2.36 7273.79230728 8124.93325456 6860.26897251
2.37 7267.62868012 8117.64896672 6848.50204879
2.38 7268.7493396 8119.89028605 6856.3466646
2.39 7264.82703141 8114.84731755 6846.26072999
2.4 7261.46505296 8113.72665789 6845.14007059
2.41 7263.14604218 8114.84731755 6850.74336759
2.42 7255.86175555 8109.24401922 6838.41611419
2.43 7257.54274477 8112.60599822 6846.82105969
2.44 7253.06010685 8107.00269989 6836.17479539
2.45 7251.37911762 8106.44237006 6836.17479539
2.46 7251.93944736 8107.00269989 6841.77809239
2.47 7246.8964797 8100.27874191 6827.76984991
2.48 7249.6981284 8103.6407209 6836.73512509
2.49 7242.41384179 8098.03742259 6827.20952021
2.5 7241.85351205 8096.91676293 6828.33017961
2.51 7243.53450127 8099.71841208 6832.8128172
2.52 7237.37087414 8091.31346462 6820.48556383
2.53 7240.73285257 8096.35643309 6829.450839
2.54 7235.12955518 8090.19280496 6819.36490444
2.55 7232.88823623 8089.63247513 6819.36490444
2.56 7234.0088957 8090.75313479 6825.52853111
2.57 7228.40559832 8082.90851717 6812.64094807
2.58 7231.20724701 8087.39115581 6820.48556383
2.59 7227.28493885 8080.66719785 6810.39962928
2.6 7225.04361989 8078.98620836 6809.27896988
2.61 7226.16427937 8080.66719785 6814.32193716
2.62 7219.44032252 8074.50356973 6801.99468383
2.63 7221.68164147 8078.42587854 6810.39962928
2.64 7217.19900357 8072.26225042 6802.55501353
2.65 7215.51801436 8071.70192059 6801.99468383
2.66 7216.0783441 8073.94323991 6804.79633231
2.67 7209.914717 8068.33994162 6793.5897384
2.68 7211.59570621 8071.70192059 6803.11534322
2.69 7206.55273858 8065.53829249 6793.0294087
2.7 7204.87174938 8064.41763283 6793.5897384
2.71 7207.11306832 8067.21928197 6798.63270566
2.72 7202.0701007 8058.81433456 6787.42611175
2.73 7203.75108991 8063.29697318 6795.27072748
2.74 7199.82878176 8057.69367491 6787.42611175
2.75 7198.70812229 8057.13334508 6784.62446328
2.76 7199.26845202 8057.69367491 6790.78808992
2.77 7193.66515468 8051.53004682 6780.14182572
2.78 7197.02713309 8055.4523556 6789.10710083
2.79 7192.54449521 8050.96971699 6778.46083664
2.8 7188.62218707 8048.72839769 6779.58149603
2.81 7191.42383574 8050.40938717 6783.50380389
2.82 7186.38086813 8044.80608891 6770.61622093
2.83 7188.06185734 8049.28872752 6777.90050695
2.84 7182.45856 8044.24575909 6768.93523185
2.85 7180.7775708 8043.12509944 6768.93523185
2.86 7181.33790053 8044.24575909 6773.4178694
2.87 7175.7346032 8037.52180119 6762.21127554
2.88 7177.97592214 8040.88378014 6771.17655063
2.89 7174.61394374 8036.96147137 6762.21127554
2.9 7171.81229508 8035.28048189 6761.65094585
2.91 7174.05361401 8037.52180119 6765.5732537
2.92 7167.32965722 8031.35817313 6753.80633016
2.93 7169.57097615 8034.72015207 6763.89226462
2.94 7165.64866803 8029.67718366 6753.24600047
2.95 7163.96767883 8027.99619419 6754.36665986
2.96 7164.52800856 8030.7978433 6757.16830831
2.97 7160.04537071 8024.07388542 6746.52204418
2.98 7161.16603017 8027.99619419 6755.48731924
2.99 7158.92471125 8021.27223631 6748.76336294
3.0 7157.24372206 8021.27223631 6748.20303325
3.01 7158.92471125 8023.5135556 6750.44435202
3.02 7152.20075448 8016.22926791 6742.03940665
3.03 7155.00240314 8020.15157667 6748.76336294
3.04 7151.64042475 8013.4276188 6742.03940665
3.05 7149.39910583 8013.98794862 6739.79808789
3.06 7149.95943556 8013.98794862 6744.84105511
3.07 7146.03712745 8007.26399077 6733.07413161
3.08 7147.71811664 8012.30695916 6742.59973634
3.09 7144.35613826 8008.94498023 6734.75512068
3.1 7141.55448962 8007.82432059 6733.6344613
3.11 7142.67514908 8009.50531005 6738.11709882
3.12 7138.75284097 8002.22102238 6728.03116441
3.13 7140.99415989 8005.5830013 6735.87578006
3.14 7137.63218152 7998.85904346 6725.22951596
3.15 7135.3908626 7999.41937328 6724.10885659
3.16 7136.51152206 8001.66069256 6727.47083472
3.17 7129.22723559 7997.178054 6716.82457064
3.18 7132.02888423 8000.54003292 6725.78984565
3.19 7127.54624641 7996.05739436 6716.26424095
3.2 7125.86525722 7994.93673472 6716.82457064
3.21 7126.98591668 7997.73838382 6722.98819721
3.22 7121.94294913 7989.89376635 6711.78160345
3.23 7123.62393831 7993.81607508 6720.74687846
3.24 7121.3826194 7986.53178744 6712.90226282
3.25 7119.70163022 7985.97145762 6712.34193314
3.26 7121.3826194 7988.77310671 6716.82457064
3.27 7116.89998159 7981.48881907 6706.17830657
3.28 7119.70163022 7984.85079798 6714.0229222
3.29 7114.65866268 7980.92848925 6707.29896595
3.3 7112.9776735 7980.92848925 6704.49731751
3.31 7113.53800323 7983.73013834 6707.85929564
3.32 7109.05536542 7975.88552089 6697.21303159
3.33 7110.17602487 7980.36815943 6705.61797689
3.34 7107.37437624 7975.88552089 6698.33369096
3.35 7105.13305734 7975.32519108 6697.21303159
3.36 7106.81404651 7976.44585071 6701.69566908
3.37 7101.77107898 7970.84255254 6691.60973473
3.38 7103.45206816 7974.76486126 6700.01468002
3.39 7099.52976008 7969.16156309 6691.60973473
3.4 7097.84877091 7967.48057364 6691.04940504
3.41 7098.40910063 7970.28222272 6696.09237222
3.42 7094.48679256 7964.67892456 6682.64445976
3.43 7095.04712229 7969.16156309 6693.29072379
3.44 7092.80580339 7964.67892456 6684.32544882
3.45 7090.56448449 7963.55826492 6682.08413008
3.46 7092.80580339 7964.67892456 6687.12709725
3.47 7086.64217642 7959.63595621 6678.72215197
3.48 7089.44382504 7963.55826492 6686.00643787
3.49 7086.0818467 7959.63595621 6677.04116292
3.5 7083.28019808 7957.39463695 6677.04116292
3.51 7084.96118725 7960.19628603 6681.5238004
3.52 7079.91821974 7954.03265806 6669.75687703
3.53 7080.47854947 7958.51529658 6680.40314103
3.54 7077.11657113 7952.35166862 6671.43786608
3.55 7074.87525224 7951.23100899 6670.87753639
3.56 7077.67690085 7954.03265806 6677.04116292
3.57 7073.19426307 7947.8690301 6665.83456924
3.58 7075.99591168 7951.23100899 6675.36017387
3.59 7073.19426307 7945.62771084 6666.95522861
3.6 7071.5132739 7943.38639159 6666.39489893
3.61 7073.75459279 7947.30870028 6671.43786608
3.62 7069.27195501 7939.46408289 6661.35193178
3.63 7069.83228474 7943.38639159 6668.63621766
3.64 7067.59096585 7938.90375308 6659.11061305
3.65 7064.78931724 7937.78309345 6660.7916021
3.66 7068.71162529 7940.58474252 6664.71390988
3.67 7061.98766863 7932.74012513 6655.18830527
3.68 7065.90997668 7937.78309345 6663.03292083
3.69 7061.98766863 7932.74012513 6655.74863495
3.7 7059.18602003 7932.17979532 6655.18830527
3.71 7061.42733891 7934.42111457 6660.7916021
3.72 7058.06536058 7928.25748664 6647.90401941
3.73 7058.62569031 7932.17979532 6655.74863495
3.74 7054.14305254 7926.5764972 6649.02467877
3.75 7053.0223931 7927.69715682 6647.34368972
3.76 7054.70338226 7928.81781645 6654.62797559
3.77 7050.78107422 7922.65418852 6643.42138195
3.78 7053.0223931 7926.01616739 6650.70566781
3.79 7049.66041478 7922.09385871 6642.86105227
3.8 7047.97942562 7920.97319908 6641.74039291
3.81 7049.66041478 7923.21451833 6648.46434909
3.82 7044.05711758 7917.61122022 6637.81808514
3.83 7046.85876618 7921.53352889 6646.22303036
3.84 7044.6174473 7915.93023078 6638.37841483
3.85 7042.93645814 7913.68891154 6635.57676642
3.86 7043.49678786 7918.73187984 6642.30072259
3.87 7038.45382039 7910.32693268 6631.65445866
3.88 7039.57447982 7916.49056059 6640.61973355
3.89 7035.65217179 7910.88726249 6632.21478834
3.9 7035.09184207 7909.76660287 6630.5337993
3.91 7036.21250151 7914.24924135 6637.25775546
3.92 7031.72986376 7905.28396439 6626.61149154
3.93 7035.09184207 7910.88726249 6632.21478834
3.94 7031.16953404 7904.16330477 6627.17182122
3.95 7029.48854489 7904.72363458 6624.9305025
3.96 7031.16953404 7906.96495382 6632.21478834
3.97 7026.6868963 7901.36165572 6619.32720571
3.98 7028.92821517 7904.72363458 6627.17182122
3.99 7025.56623686 7900.80132591 6619.32720571
4.0 7022.20425856 7900.24099611 6618.20654635
4.01 7024.44557743 7901.92198553 6625.49083218
4.02 7019.96293969 7896.87901725 6614.84456828
4.03 7022.20425856 7898.56000668 6623.24951347
4.04 7018.84228026 7895.75835764 6614.2842386
4.05 7016.60096139 7892.39637879 6612.60324957
4.06 7019.96293969 7897.99967687 6619.32720571
4.07 7013.7993128 7890.15505955 6608.12061214
4.08 7016.60096139 7895.19802783 6615.40489796
4.09 7012.11832365 7890.71538936 6609.2412715
4.1 7011.55799394 7890.15505955 6606.99995279
4.11 7013.7993128 7894.07736821 6614.2842386
4.12 7008.75634536 7885.67242109 6600.27599666
4.13 7009.87700479 7890.71538936 6609.80160118
4.14 7008.19601564 7885.67242109 6603.07764504
4.15 7005.95469678 7883.99143167 6600.83632633
4.16 7007.07535621 7887.35341051 6607.56028246
4.17 7002.03238877 7881.75011244 6595.79335924
4.18 7003.71337791 7885.67242109 6605.31896375
4.19 6998.11008076 7879.50879321 6598.59500763
4.2 6997.54975105 7878.94846341 6594.67269989
4.21 7000.91172934 7882.87077206 6601.95698569
4.22 6996.98942133 7876.14681437 6591.31072183
4.23 6998.11008076 7879.50879321 6598.03467795
4.24 6995.30843219 7876.14681437 6591.87105151
4.25 6993.06711333 7873.90549515 6590.75039215
4.26 6996.42909162 7876.70714418 6596.91401859
4.27 6991.38612419 7869.98318651 6587.3884141
4.28 6994.74810247 7875.02615476 6594.11237021
4.29 6991.38612419 7869.98318651 6587.3884141
4.3 6989.70513504 7869.98318651 6587.3884141
4.31 6991.9464539 7871.66417593 6594.11237021
4.32 6988.58447561 7866.06087787 6584.58676572
4.33 6990.82579447 7871.10384612 6591.87105151
4.34 6986.34315676 7866.06087787 6583.46610636
4.35 6983.54150819 7864.94021826 6581.22478766
4.36 6986.90348647 7866.62120767 6588.50907345
4.37 6982.98117848 7860.45757982 6576.74215026
4.38 6983.54150819 7865.50054806 6584.02643604
4.39 6981.86051905 7861.01790962 6576.74215026
4.4 6977.37788134 7859.89725002 6574.50083156
4.41 6980.73985962 7863.25922884 6581.78511734
4.42 6975.13656249 7855.41461158 6571.69918319
4.43 6978.49854077 7861.01790962 6578.98346896
4.44 6975.6968922 7855.41461158 6572.25951286
4.45 6972.33491393 7854.85428178 6571.13885351
4.46 6977.37788134 7858.2162606 6576.74215026
4.47 6970.65392479 7851.49230295 6566.09588644
4.48 6973.45557335 7856.53527119 6574.50083156
4.49 6970.65392479 7851.49230295 6568.89753482
4.5 6968.41260594 7850.93197315 6567.77687547
4.51 6971.2142545 7853.73362217 6573.94050189
4.52 6967.29194652 7845.88900492 6561.05291938
4.53 6967.85227623 7851.49230295 6568.33720514
4.54 6965.61095738 7846.44933472 6563.85456775
4.55 6962.80930882 7844.20801551 6561.61324905
4.56 6965.05062767 7849.25098374 6570.01819416
4.57 6961.12831969 7841.4063665 6558.81160069
4.58 6962.80930882 7847.00966453 6565.53555677
4.59 6960.00766027 7841.9666963 6559.37193036
4.6 6957.20601171 7840.84603669 6556.57028199
4.61 6960.56798998 7844.76834531 6562.7339084
4.62 6953.84403345 7836.92372808 6552.08764461
4.63 6957.20601171 7842.5270261 6559.37193036
4.64 6954.96469287 7839.16504729 6553.76863363
4.65 6952.72337402 7836.36339828 6552.08764461
4.66 6955.52502258 7840.28570689 6558.81160069
4.67 6951.04238489 7833.56174927 6547.04467756
4.68 6953.28370373 7836.36339828 6554.88929297
4.69 6950.48205518 7835.24273867 6549.28599625
4.7 6948.24073634 7833.00141947 6547.60500723
4.71 6949.36139576 7834.68240887 6554.88929297
4.72 6945.9994175 7828.51878105 6542.56204018
4.73 6949.36139576 7834.12207907 6551.52731494
4.74 6945.9994175 7830.19977046 6545.92401821
4.75 6943.75809866 7826.27746185 6543.68269952
4.76 6945.9994175 7831.88075986 6549.84632592
4.77 6940.95645011 7822.91548305 6539.20006215
4.78 6943.75809866 7828.51878105 6548.1653369
4.79 6940.3961204 7824.59647245 6540.32072149
4.8 6939.27546099 7822.35515325 6536.95874346
4.81 6942.63743924 7826.27746185 6546.48434788
4.82 6937.59447186 7818.99317444 6535.27775445
4.83 6939.27546099 7823.47581285 6543.12236985
4.84 6937.03414215 7820.11383404 6536.95874346
4.85 6935.35315302 7817.87251484 6533.59676544
4.86 6937.59447186 7820.67416384 6541.44138084
4.87 6932.55150448 7813.95020625 6529.67445774
4.88 6935.91348273 7817.87251484 6538.07940281
4.89 6934.2324936 7815.07086584 6531.35544675
4.9 6931.43084506 7812.82954665 6529.11412807
4.91 6933.6721639 7816.75185524 6538.07940281
4.92 6930.87051535 7810.02789765 6527.43313906
4.93 6932.55150448 7813.38987645 6534.71742478
4.94 6930.31018564 7809.46756785 6528.5537984
4.95 6926.94820739 7808.90723805 6526.87280939
4.96 6932.55150448 7813.38987645 6534.71742478
4.97 6924.70688856 7804.98492946 6523.51083137
4.98 6927.5085371 7810.02789765 6528.5537984
4.99 6925.26721827 7805.54525926 6524.07116104
5.0 6923.02589944 7804.42459966 6519.58852368
5.01 6923.58622915 7808.90723805 6527.43313906
5.02 6919.66392119 7803.30394006 6516.78687533
5.03 6921.34491032 7806.66591886 6524.07116104
5.04 6919.10359149 7801.62295067 6519.58852368
5.05 6916.86227266 7799.94196128 6519.02819401
5.06 6920.78458061 7804.42459966 6526.31247972
5.07 6915.74161324 7797.14031229 6514.54555665
5.08 6919.10359149 7802.74361027 6521.26951269
5.09 6916.30194295 7798.82130168 6515.66621599
5.1 6912.93996471 7797.70064208 6511.18357864
5.11 6916.30194295 7801.06262087 6518.46786434
5.12 6911.25897559 7794.3386633 6507.82160062
5.13 6912.379635 7797.14031229 6516.78687533
5.14 6911.25897559 7794.3386633 6509.50258963
5.15 6909.01765676 7791.53701431 6507.82160062
5.16 6910.13831618 7795.45932289 6516.78687533
5.17 6905.65567853 7789.85602492 6503.33896327
5.18 6907.89699735 7794.3386633 6510.0629193
5.19 6905.09534882 7791.53701431 6505.58028195
5.2 6902.29370029 7789.29569512 6502.77863361
5.21 6906.21600823 7793.2180037 6510.0629193
5.22 6901.73337058 7785.37338655 6501.0976446
5.23 6903.97468941 7789.85602492 6507.26127095
5.24 6902.29370029 7784.81305675 6501.0976446
5.25 6898.93172206 7785.37338655 6498.85632593
5.26 6902.85403 7788.17503553 6506.14061162
5.27 6897.81106265 7782.01140777 6495.49434792
5.28 6900.05238147 7786.49404614 6503.89929294
5.29 6899.49205176 7782.01140777 6498.29599626
5.3 6896.69040324 7779.77008859 6494.37368859
5.31 6897.25073294 7783.69239716 6502.21830394
5.32 6893.88875471 7777.5287694 6493.25302925
5.33 6895.56974383 7780.89074818 6499.4166556
5.34 6893.32842501 7777.5287694 6494.93401826
5.35 6891.64743589 7774.72712043 6491.57204025
5.36 6895.00941412 7779.77008859 6500.53731493
5.37 6889.96644678 7772.48580125 6491.01171058
5.38 6893.88875471 7775.28745022 6498.85632593
5.39 6892.7680953 7771.92547145 6493.25302925
5.4 6888.84578737 7771.36514166 6491.01171058
5.41 6891.08710619 7773.60646084 6498.29599626
5.42 6886.60446855 7767.44283309 6487.08940291
5.43 6888.84578737 7771.36514166 6491.57204025
5.44 6886.60446855 7768.00316289 6487.64973258
5.45 6884.36314974 7765.20151392 6484.84808425
5.46 6887.72512796 7770.80481186 6494.37368859
5.47 6883.24249033 7764.64118412 6481.48610625
5.48 6886.04413885 7768.56349268 6488.77039192
5.49 6883.24249033 7764.64118412 6484.28775458
5.5 6882.68216062 7762.96019474 6479.24478758
5.51 6883.80282003 7768.56349268 6488.21006225
5.52 6879.3201824 7760.71887556 6475.88280959
5.53 6879.3201824 7764.64118412 6482.60676558
5.54 6878.199523 7761.83953515 6478.12412825
5.55 6876.51853389 7759.59821598 6473.64149093
5.56 6878.7598527 7764.64118412 6482.04643592
5.57 6873.15655567 7756.79656701 6470.8398426
5.58 6873.15655567 7762.39986495 6479.24478758
5.59 6872.03589626 7758.47755639 6474.76215026
5.6 6870.91523686 7756.23623722 6470.27951293
5.61 6874.27721507 7760.71887556 6480.36544692
5.62 6869.23424775 7753.43458825 6468.03819427
5.63 6870.35490715 7758.47755639 6476.44313925
5.64 6870.91523686 7753.99491804 6471.40017226
5.65 6867.55325864 7752.31392866 6468.59852394
5.66 6870.35490715 7758.47755639 6476.44313925
5.67 6865.31193983 7748.95194991 6465.23654595
5.68 6867.55325864 7752.87425846 6472.52083159
5.69 6867.55325864 7750.63293929 6467.47786461
5.7 6864.19128043 7748.39162012 6462.99522729
5.71 6866.43259924 7755.11557763 6472.52083159
5.72 6861.94996162 7746.71063074 6460.75390863
5.73 6864.19128043 7751.19326908 6466.35720528
5.74 6861.38963192 7746.71063074 6463.55555695
5.75 6860.82930222 7745.58997115 6460.75390863
5.76 6863.63095073 7750.63293929 6469.1588536
5.77 6858.58798341 7742.2279924 6456.83160098
5.78 6861.38963192 7745.58997115 6465.23654595
5.79 6858.02765371 7742.78832219 6460.19357897
5.8 6856.3466646 7742.2279924 6456.83160098
5.81 6860.26897251 7746.15030095 6464.67621628
5.82 6854.6656755 7738.86601365 6452.90929333
5.83 6855.7863349 7744.46931157 6459.07291964
5.84 6854.1053458 7741.10733282 6456.83160098
5.85 6851.864027 7737.18502428 6452.90929333
5.86 6855.7863349 7742.78832219 6461.31423829
5.87 6851.864027 7734.38337532 6450.66797468
5.88 6851.864027 7738.30568386 6457.39193064
5.89 6850.74336759 7736.0643647 6454.02995266
5.9 6849.62270819 7732.14205616 6451.78863401
5.91 6852.4243567 7736.0643647 6460.75390863
5.92 6847.94171909 7731.02139658 6447.86632636
5.93 6849.06237849 7734.94370512 6456.27127132
5.94 6849.06237849 7731.58172637 6451.78863401
5.95 6844.57974089 7729.900737 6446.74566703
5.96 6847.94171909 7734.38337532 6456.27127132
5.97 6844.01941119 7727.09908805 6443.94401872
5.98 6846.26072999 7731.58172637 6451.78863401
5.99 6843.45908149 7728.78007742 6446.74566703
6.0 6842.89875179 7727.09908805 6442.26302973
6.01 6845.14007059 7732.70238595 6449.54731535
6.02 6838.41611419 7725.97842847 6438.34072209
6.03 6840.65743299 7730.46106679 6445.62500771
6.04 6838.97644389 7727.09908805 6442.26302973
6.05 6836.73512509 7723.73710931 6437.78039243
6.06 6840.65743299 7728.78007742 6443.38368906
6.07 6833.9334766 7723.73710931 6433.85808479
6.08 6836.17479539 7727.09908805 6439.46138142
6.09 6832.8128172 7724.2974391 6435.53907378
6.1 6832.2524875 7722.05611994 6433.85808479
6.11 6835.05413599 7725.97842847 6443.38368906
6.12 6831.6921578 7718.13381141 6429.93577716
6.13 6832.8128172 7723.73710931 6437.22006277
6.14 6831.6921578 7720.93546036 6433.29775513
6.15 6827.76984991 7718.6941412 6431.05643649
6.16 6832.2524875 7722.61644973 6436.65973311
6.17 6827.20952021 7714.77183268 6428.81511784
6.18 6828.33017961 7719.81480078 6433.85808479
6.19 6827.20952021 7717.01315184 6431.05643649
6.2 6824.40787172 7715.33216247 6426.57379919
6.21 6827.20952021 7720.37513057 6435.53907378
6.22 6823.84754202 7713.09084331 6423.77215089
6.23 6824.96820142 7716.45282205 6430.49610682
6.24 6823.84754202 7714.77183268 6427.69445852
6.25 6822.16655293 7711.40985395 6422.65149156
6.26 6823.84754202 7717.01315184 6432.73742547
6.27 6818.80457474 7710.28919437 6422.65149156
6.28 6821.04589353 7713.09084331 6429.93577716
6.29 6822.16655293 7711.97018374 6426.01346953
6.3 6818.24424504 7709.1685348 6420.97050258
6.31 6822.16655293 7712.53051353 6429.3754475
6.32 6817.12358565 7705.24622628 6417.60852462
6.33 6818.24424504 7709.1685348 6424.33248055
6.34 6816.00292625 7706.92721564 6421.53083224
6.35 6814.32193716 7705.24622628 6418.16885428
6.36 6818.24424504 7709.1685348 6426.57379919
6.37 6813.20127776 7701.88424755 6413.68621699
6.38 6815.44259655 7705.80655607 6421.53083224
6.39 6813.76160746 7701.88424755 6418.72918394
6.4 6811.52028867 7699.08259862 6414.80687632
6.41 6814.88226686 7705.24622628 6425.45313987
6.42 6811.52028867 7696.84127947 6413.12588733
6.43 6813.76160746 7701.88424755 6418.16885428
6.44 6812.08061837 7699.08259862 6415.92753564
6.45 6809.83929958 7697.40160926 6411.44489835
6.46 6813.20127776 7702.44457734 6420.41017292
6.47 6807.59798079 7695.16029011 6409.76390937
6.48 6810.39962928 7698.52226883 6417.60852462
6.49 6809.27896988 7695.16029011 6414.80687632
6.5 6805.91699171 7693.47930075 6410.32423903
6.51 6811.52028867 7697.96193904 6419.84984326
6.52 6805.35666201 7690.67765182 6405.84160176
6.53 6807.0376511 7696.28094968 6412.56555767
6.54 6805.35666201 7692.35864118 6409.20357971
6.55 6801.43435413 7690.67765182 6405.84160176
6.56 6806.4773214 7695.7206199 6415.36720598
6.57 6800.87402444 7687.87600289 6402.4796238
6.58 6802.55501353 7692.35864118 6408.0829204
6.59 6800.87402444 7689.55699225 6404.72094244
6.6 6797.51204626 7687.3156731 6399.67797551
6.61 6801.43435413 7692.91897096 6409.76390937
6.62 6796.95171657 7687.3156731 6399.67797551
6.63 6799.19303535 7690.11732203 6404.16061278
6.64 6797.51204626 7687.87600289 6401.35896448
6.65 6795.27072748 7685.07435396 6396.87632721
6.66 6796.39138687 7690.67765182 6406.96226108
6.67 6793.0294087 7683.3933646 6395.75566789
6.68 6794.71039779 7686.19501353 6402.4796238
6.69 6794.15006809 7683.3933646 6399.67797551
6.7 6791.34841961 7680.59171568 6396.31599755
6.71 6795.83105718 7687.3156731 6405.2812721
6.72 6789.66743053 7678.91072632 6391.83336028
6.73 6791.90874931 7683.95369439 6399.11764585
6.74 6791.34841961 7680.59171568 6395.75566789
6.75 6787.42611175 7680.03138589 6392.39368994
6.76 6791.34841961 7684.51402417 6401.35896448
6.77 6785.74512267 7677.22973697 6389.59204165
6.78 6789.10710083 7681.15204546 6394.63500858
6.79 6787.98644145 7678.91072632 6391.83336028
6.8 6785.18479297 7675.54874761 6389.59204165
6.81 6788.54677114 7680.03138589 6397.43665687
6.82 6784.62446328 7673.30742848 6385.66973405
6.83 6786.30545236 7677.79006675 6392.9540196
6.84 6784.62446328 7674.98841783 6390.15237131
6.85 6781.82281481 7672.18676891 6385.10940439
6.86 6786.86578206 7677.79006675 6393.51434926
6.87 6780.14182572 7671.62643912 6382.86808576
6.88 6781.82281481 7676.1090774 6390.71270097
6.89 6781.26248511 7671.62643912 6385.66973405
6.9 6778.46083664 7669.94544977 6382.3077561
6.91 6781.82281481 7674.98841783 6393.51434926
6.92 6777.34017725 7667.70413064 6380.62676713
6.93 6778.46083664 7671.06610934 6387.35072302
6.94 6779.02116634 7669.94544977 6384.54907473
6.95 6776.21951787 7665.4628115 6378.94577816
6.96 6780.70215542 7671.62643912 6389.03171199
6.97 6775.65918817 7664.90248172 6377.82511884
6.98 6777.90050695 7668.8247902 6385.10940439
6.99 6776.77984756 7666.02314128 6382.86808576
7.0 6773.4178694 7662.66116258 6377.82511884
7.01 6777.34017725 7667.70413064 6389.03171199
7.02 6773.4178694 7660.41984345 6376.70445953
7.03 6774.53852879 7664.34215193 6383.98874507
7.04 6773.97819909 7662.1008328 6379.50610782
7.05 6772.29721001 7658.7388541 6377.26478919
7.06 6777.34017725 7663.78182215 6385.66973405
7.07 6771.17655063 7657.05786476 6371.10116296
7.08 6771.73688032 7659.85951367 6379.50610782
7.09 6771.17655063 7658.7388541 6377.26478919
7.1 6768.93523185 7654.81654563 6372.22182228
7.11 6772.29721001 7661.54050302 6381.74742644
7.12 6767.81457247 7653.13555628 6371.66149262
7.13 6771.17655063 7657.05786476 6376.70445953
7.14 6768.93523185 7656.49753497 6373.90281125
7.15 6766.13358339 7653.69588606 6369.420174
7.16 6768.37490216 7658.7388541 6379.50610782
7.17 6764.45259431 7652.01489671 6366.61852571
7.18 6766.13358339 7656.49753497 6373.34248159
7.19 6764.45259431 7654.25621584 6371.10116296
7.2 6761.09061616 7650.33390737 6364.93753675
7.21 6765.012924 7656.49753497 6375.02347056
7.22 6761.09061616 7649.21324781 6363.25654778
7.23 6762.77160523 7653.13555628 6369.98050365
7.24 6761.65094585 7652.5752265 6367.17885537
7.25 6758.84929739 7648.09258824 6361.57555881
7.26 6762.21127554 7653.13555628 6370.54083331
7.27 6756.60797862 7647.53225846 6359.33424019
7.28 6757.16830831 7651.45456693 6365.4978664
7.29 6756.60797862 7648.09258824 6363.25654778
7.3 6754.36665986 7647.53225846 6358.77391054
7.31 6757.72863801 7650.33390737 6368.85984434
7.32 6753.80633016 7644.17027977 6356.53259191
7.33 6755.48731924 7647.53225846 6363.81687744
7.34 6754.36665986 7645.29093933 6361.57555881
7.35 6752.68567078 7643.04962021 6357.09292157
7.36 6756.60797862 7649.77357759 6366.05819606
7.37 6751.5650114 7641.92896065 6354.29127329
7.38 6753.24600047 7645.85126912 6358.77391054
7.39 6751.5650114 7644.73060955 6357.65325122
7.4 6747.64270356 7643.04962021 6353.17061398
7.41 6751.5650114 7646.97192868 6362.69621812
7.42 6747.64270356 7639.12731174 6349.80863606
7.43 6748.20303325 7642.48929043 6357.09292157
7.44 6748.20303325 7641.36863087 6355.4119326
7.45 6745.96171449 7638.00665218 6349.2483064
7.46 6749.32369263 7643.04962021 6359.33424019
7.47 6744.28072542 7636.32566284 6348.12764709
7.48 6746.52204418 7639.68764152 6356.53259191
7.49 6745.96171449 7638.00665218 6353.17061398
7.5 6743.72039572 7635.20500328 6348.12764709
7.51 6748.76336294 7639.12731174 6359.89456985
7.52 6744.84105511 7632.96368416 6348.12764709
7.53 6746.52204418 7638.00665218 6353.73094364
7.54 6745.4013848 7635.20500328 6353.17061398
7.55 6744.84105511 7631.8430246 6346.44665813
7.56 6746.52204418 7635.76533306 6354.29127329
7.57 6741.47907696 7629.0413757 6343.08468021
7.58 6743.16006603 7633.52401394 6349.2483064
7.59 6740.91874727 7630.72236504 6348.12764709
7.6 6738.67742851 7629.0413757 6343.64500986
7.61 6742.59973634 7634.6446735 6354.29127329
7.62 6737.55676913 7627.36038636 6341.9640209
7.63 6739.79808789 7629.60170548 6347.00698779
7.64 6740.91874727 7628.48104592 6345.88632848
7.65 6736.99643944 7625.67939703 6342.52435055
7.66 6740.35841758 7631.8430246 6351.48962502
7.67 6735.87578006 7624.55873747 6339.16237263
7.68 6737.55676913 7627.36038636 6346.44665813
7.69 6738.11709882 7627.36038636 6342.52435055
7.7 6734.19479099 7622.87774813 6339.16237263
7.71 6739.79808789 7628.48104592 6350.36896571
7.72 6733.6344613 7622.31741835 6336.36072436
7.73 6735.31545037 7625.11906725 6341.9640209
7.74 6732.51380192 7623.99840769 6339.16237263
7.75 6730.27248317 7620.63642901 6334.11940575
7.76 6735.31545037 7627.36038636 6341.9640209
7.77 6729.71215348 7618.95543968 6331.31775749
7.78 6730.27248317 7622.31741835 6338.04171332
7.79 6731.39314254 7621.19675879 6335.80039471
7.8 6727.47083472 7618.95543968 6330.75742783
7.81 6731.39314254 7623.43807791 6340.84336159
7.82 6726.35017534 7617.27445034 6331.31775749
7.83 6728.5914941 7621.19675879 6336.36072436
7.84 6727.47083472 7619.51576946 6333.5590761
7.85 6724.66918628 7616.15379079 6327.39544992
7.86 6727.47083472 7620.63642901 6338.04171332
7.87 6722.98819721 7613.91247167 6326.27479061
7.88 6724.66918628 7618.3951099 6333.5590761
7.89 6724.66918628 7616.71412057 6331.87808714
7.9 6722.98819721 7613.3521419 6326.27479061
7.91 6726.35017534 7618.3951099 6334.6797354
7.92 6721.86753783 7611.67115256 6324.59380165
7.93 6723.5485269 7615.03313123 6329.07643887
7.94 6721.30720814 7614.47280145 6329.63676853
7.95 6719.62621908 7611.11082279 6324.033472
7.96 6722.98819721 7616.71412057 6335.24006506
7.97 6719.62621908 7609.99016323 6322.35248305
7.98 6720.74687846 7614.47280145 6329.07643887
7.99 6719.62621908 7612.79181212 6327.95577957
8.0 6717.94523001 7608.3091739 6321.79215339
8.01 6722.98819721 7613.3521419 6332.43841679
8.02 6717.94523001 7605.50752501 6323.47314235
8.03 6719.06588939 7609.99016323 6327.39544992
8.04 6717.38490033 7608.86950368 6325.15413131
8.05 6714.0229222 7604.94719523 6318.43017548
8.06 6719.06588939 7610.55049301 6328.51610922
8.07 6714.58325189 7603.82653568 6316.18885688
8.08 6715.70391126 7608.3091739 6324.59380165
8.09 6714.0229222 7607.18851434 6320.67149409
8.1 6710.66094407 7602.70587613 6316.74918653
8.11 6716.82457064 7609.42983345 6325.71446096
8.12 6710.66094407 7602.14554635 6313.94753827
8.13 6711.78160345 7604.94719523 6321.79215339
8.14 6712.90226282 7604.38686546 6317.30951618
8.15 6708.41962532 7601.0248868 6312.26654932
8.16 6711.78160345 7606.62818457 6323.47314235
8.17 6708.41962532 7599.34389747 6311.70621967
8.18 6708.97995501 7602.14554635 6317.30951618
8.19 6708.41962532 7603.82653568 6317.86984583
8.2 6706.17830657 7598.78356769 6310.58556036
8.21 6710.10061439 7605.50752501 6321.23182374
8.22 6705.0576472 7598.22323792 6309.46490106
8.23 6706.17830657 7601.0248868 6316.18885688
8.24 6706.17830657 7599.34389747 6313.94753827
8.25 6703.37665814 7598.22323792 6308.34424176
8.26 6708.41962532 7601.58521657 6319.55083479
8.27 6702.81632845 7595.98191881 6307.78391211
8.28 6703.93698783 7598.22323792 6315.06819757
8.29 6703.93698783 7597.66290814 6312.82687897
8.3 6701.13533939 7592.61994016 6305.54259351
8.31 6705.0576472 7599.34389747 6316.18885688
8.32 6700.57500971 7593.18026993 6306.66325281
8.33 6702.25599877 7594.86125926 6311.14589001
8.34 6702.81632845 7593.74059971 6308.90457141
8.35 6700.01468002 7591.4992806 6304.98226386
8.36 6704.49731751 7596.54224859 6315.06819757
8.37 6698.89402065 7588.69763173 6302.1806156
8.38 6700.01468002 7592.61994016 6308.90457141
8.39 6699.45435033 7591.4992806 6307.22358246
8.4 6697.21303159 7588.69763173 6300.49962665
8.41 6700.57500971 7593.74059971 6311.14589001
8.42 6696.09237222 7587.0166424 6299.939297
8.43 6697.21303159 7590.93895083 6307.22358246
8.44 6696.09237222 7589.81829128 6304.98226386
8.45 6693.29072379 7587.0166424 6299.939297
8.46 6697.21303159 7592.61994016 6309.46490106
8.47 6693.29072379 7583.09433398 6297.13764875
8.48 6693.85105347 7587.57697218 6305.54259351
8.49 6695.53204253 7587.0166424 6303.3012749
8.5 6693.29072379 7583.65466375 6298.25830805
8.51 6696.6527019 7589.81829128 6308.90457141
8.52 6691.60973473 7582.5340042 6295.4566598
8.53 6692.7303941 7585.89598285 6302.1806156
8.54 6691.60973473 7585.89598285 6299.37896735
8.55 6688.24775662 7582.5340042 6293.77567085
8.56 6692.7303941 7587.0166424 6304.42193421
8.57 6688.24775662 7580.85301488 6292.09468191
8.58 6689.92874567 7584.7753233 6298.25830805
8.59 6689.36841599 7583.65466375 6296.01698945
8.6 6685.44610819 7580.2926851 6290.97402261
8.61 6691.04940504 7584.7753233 6300.49962665
8.62 6685.44610819 7578.61169578 6289.29303366
8.63 6686.56676756 7581.41334465 6296.01698945
8.64 6686.56676756 7582.5340042 6294.3360005
8.65 6683.20478945 7578.61169578 6291.53435226
8.66 6688.24775662 7583.65466375 6300.49962665
8.67 6682.64445976 7578.05136601 6288.73270401
8.68 6684.8857785 7579.73235533 6293.77567085
8.69 6684.32544882 7576.93070646 6294.3360005
8.7 6682.64445976 7574.68938736 6289.85336331
8.71 6686.00643787 7579.17202556 6299.37896735
8.72 6682.08413008 7573.00839804 6287.61204471
8.73 6684.32544882 7575.24971714 6293.77567085
8.74 6683.76511913 7575.81004691 6291.53435226
8.75 6680.96347071 7572.44806827 6285.93105577
8.76 6684.32544882 7577.49103623 6294.89633015
8.77 6678.72215197 7570.76707895 6282.56907787
8.78 6680.40314103 7573.56872782 6290.97402261
8.79 6680.40314103 7571.32740872 6287.05171506
8.8 6676.48083323 7568.52575985 6283.68973717
8.81 6682.64445976 7575.24971714 6292.65501156
8.82 6677.04116292 7569.08608963 6283.12940752
8.83 6678.16182229 7573.56872782 6288.17237436
8.84 6678.72215197 7573.00839804 6286.49138541
8.85 6674.79984418 7568.52575985 6281.44841858
8.86 6679.28248166 7572.44806827 6292.09468191
8.87 6675.92050355 7566.28444076 6280.32775928
8.88 6677.04116292 7570.20674917 6285.93105577
8.89 6675.92050355 7568.52575985 6285.37072612
8.9 6673.67918481 7564.60345144 6279.76742963
8.91 6675.92050355 7570.76707895 6288.73270401
8.92 6671.99819576 7563.4827919 6277.52611104
8.93 6673.67918481 7569.6464194 6283.12940752
8.94 6672.55852545 7566.84477054 6279.76742963
8.95 6669.75687703 7564.04312167 6274.7244628
8.96 6671.99819576 7570.20674917 6285.37072612
8.97 6668.07588798 7562.92246213 6275.28479245
8.98 6671.43786608 7566.28444076 6281.44841858
8.99 6670.87753639 7564.60345144 6279.76742963
9.0 6668.63621766 7560.68114304 6273.6038035
9.01 6672.55852545 7567.40510031 6282.56907787
9.02 6667.51555829 7560.68114304 6272.48314421
9.03 6668.07588798 7563.4827919 6278.08644069
9.04 6666.95522861 7563.4827919 6276.40545174
9.05 6664.15358019 7560.12081326 6272.48314421
9.06 6669.19654734 7565.72411099 6283.68973717
9.07 6665.83456924 7557.87949418 6270.24182562
9.08 6667.51555829 7560.68114304 6276.96578139
9.09 6666.39489893 7560.12081326 6276.40545174
9.1 6663.59325051 7557.3191644 6271.92281456
9.11 6668.07588798 7562.36213235 6282.56907787
9.12 6663.03292083 7556.19850486 6269.68149597
9.13 6665.83456924 7558.43982395 6275.84512209
9.14 6664.15358019 7558.43982395 6273.6038035
9.15 6661.91226146 7553.95718577 6268.00050703
9.16 6666.95522861 7560.12081326 6279.76742963
9.17 6660.7916021 7553.396856 6265.19885879
9.18 6662.47259114 7556.75883463 6270.80215526
9.19 6661.91226146 7555.63817509 6269.68149597
9.2 6658.55028337 7552.83652623 6264.63852914
9.21 6663.03292083 7560.12081326 6274.7244628
9.22 6659.11061305 7551.15553692 6261.83688091
9.23 6659.11061305 7555.07784532 6269.68149597
9.24 6658.55028337 7555.63817509 6269.12116632
9.25 6655.74863495 7551.71586669 6262.9575402
9.26 6659.67094273 7555.63817509 6273.6038035
9.27 6656.86929432 7549.4745476 6263.51786985
9.28 6657.98995368 7553.396856 6267.44017738
9.29 6657.429624 7550.03487737 6267.44017738
9.3 6656.86929432 7548.91421783 6261.27655126
9.31 6659.67094273 7555.63817509 6273.04347386
9.32 6653.50731622 7547.79355829 6260.71622162
9.33 6654.06764591 7551.15553692 6267.44017738
9.34 6655.18830527 7550.03487737 6266.87984773
9.35 6654.06764591 7547.23322852 6261.27655126
9.36 6657.429624 7551.71586669 6269.12116632
9.37 6652.38665686 7544.99190943 6257.91457338
9.38 6654.06764591 7548.35388806 6263.51786985
9.39 6653.50731622 7548.35388806 6262.9575402
9.4 6650.14533813 7544.43157966 6257.91457338
9.41 6653.50731622 7551.15553692 6268.00050703
9.42 6649.58500845 7543.31092012 6256.79391409
9.43 6651.82632718 7545.55223921 6262.9575402
9.44 6652.38665686 7544.43157966 6261.83688091
9.45 6650.14533813 7540.50927127 6254.55259551
9.46 6653.50731622 7547.79355829 6266.31951809
9.47 6649.02467877 7541.06960104 6253.99226586
9.48 6650.14533813 7544.99190943 6259.03523268
9.49 6648.46434909 7543.87124989 6259.03523268
9.5 6646.22303036 7540.50927127 6253.99226586
9.51 6651.2659975 7544.99190943 6264.63852914
9.52 6647.34368972 7538.26795219 6251.75094728
9.53 6647.34368972 7543.31092012 6259.03523268
9.54 6647.34368972 7542.19026058 6255.6732548
9.55 6642.86105227 7538.26795219 6251.75094728
9.56 6649.02467877 7543.31092012 6262.39721056
9.57 6644.54204132 7537.14729265 6248.94929905
9.58 6645.102371 7539.9489415 6255.11292515
9.59 6645.66270068 7539.38861173 6256.23358445
9.6 6641.18006323 7537.14729265 6248.94929905
9.61 6646.22303036 7542.19026058 6259.59556232
9.62 6642.30072259 7534.3456438 6251.19061763
9.63 6644.54204132 7537.70762242 6255.11292515
9.64 6643.98171164 7537.14729265 6253.43193622
9.65 6641.18006323 7534.3456438 6248.94929905
9.66 6644.54204132 7539.38861173 6257.91457338
9.67 6641.74039291 7533.78531403 6246.14765082
9.68 6642.30072259 7536.02663311 6250.06995834
9.69 6641.18006323 7535.46630334 6247.82863976
9.7 6636.69742578 7533.22498426 6243.34600259
9.71 6640.61973355 7538.82828196 6252.31127692
9.72 6635.57676642 7530.42333542 6241.66501366
9.73 6636.69742578 7535.46630334 6248.3889694
9.74 6636.69742578 7533.22498426 6247.26831011
9.75 6633.3354477 7533.22498426 6241.10468401
9.76 6636.69742578 7538.26795219 6252.31127692
9.77 6633.3354477 7529.86300565 6239.98402472
9.78 6634.45610706 7533.22498426 6245.02699153
9.79 6633.89577738 7532.10432473 6244.46666189
9.8 6632.21478834 7529.30267588 6238.30303579
9.81 6636.1370961 7534.90597357 6247.82863976
9.82 6631.09412898 7528.74234611 6237.1823765
9.83 6632.21478834 7532.10432473 6242.2253433
9.84 6633.3354477 7532.10432473 6242.2253433
9.85 6629.97346962 7527.62168657 6237.74270615
9.86 6634.45610706 7532.10432473 6247.82863976
9.87 6631.09412898 7526.50102704 6236.06171721
9.88 6631.09412898 7529.30267588 6242.2253433
9.89 6630.5337993 7528.74234611 6242.2253433
9.9 6629.97346962 7524.82003773 6236.62204686
9.91 6633.3354477 7529.86300565 6248.3889694
9.92 6629.97346962 7523.13904842 6236.62204686
9.93 6631.65445866 7527.62168657 6243.90633224
9.94 6631.65445866 7525.3803675 6239.98402472
9.95 6627.17182122 7521.45805912 6237.74270615
9.96 6633.89577738 7527.0613568 6243.34600259
9.97 6629.97346962 7518.65641028 6232.1394097
9.98 6628.29248058 7524.25970796 6238.86336544
9.99 6628.85281026 7524.25970796 6237.74270615
10.0 6623.80984314 7520.33739958 6232.69973935
10.01 6629.41313994 7527.62168657 6242.78567295
10.02 6624.37017282 7520.89772935 6232.1394097
10.03 6625.49083218 7523.69937819 6236.62204686
10.04 6626.05116186 7522.57871866 6236.06171721
10.05 6622.68918379 7518.09608051 6230.45842077
10.06 6626.61149154 7524.25970796 6240.54435437
10.07 6623.24951347 7516.97542098 6229.89809113
10.08 6623.80984314 7521.45805912 6234.38072828
10.09 6623.80984314 7519.77706982 6234.94105792
10.1 6621.00819475 7516.41509121 6227.09644291
10.11 6625.49083218 7522.01838889 6238.86336544
10.12 6622.12885411 7514.17377214 6227.65677255
10.13 6622.12885411 7518.09608051 6234.38072828
10.14 6623.80984314 7516.97542098 6231.57908006
10.15 6620.44786507 7513.61344237 6225.41545398
10.16 6622.68918379 7518.65641028 6236.62204686
10.17 6619.32720571 7511.3721233 6225.97578362
10.18 6622.12885411 7516.41509121 6232.1394097
10.19 6622.12885411 7515.85476144 6233.26006899
10.2 6619.32720571 7511.93245307 6224.85512433
10.21 6623.24951347 7518.09608051 6236.06171721
10.22 6618.20654635 7511.93245307 6224.85512433
10.23 6619.88753539 7514.17377214 6230.45842077
10.24 6619.32720571 7513.61344237 6229.89809113
10.25 6617.085887 7511.3721233 6224.29479469
10.26 6621.00819475 7516.41509121 6236.06171721
10.27 6616.52555732 7509.13080423 6222.05347612
10.28 6617.64621667 7513.0531126 6228.77743184
10.29 6617.64621667 7514.73410191 6225.97578362
10.3 6613.72390892 7509.691134 6220.37248719
10.31 6617.64621667 7514.17377214 6230.45842077
10.32 6614.2842386 7508.57047447 6219.2518279
10.33 6614.84456828 7511.3721233 6225.97578362
10.34 6617.085887 7511.93245307 6224.29479469
10.35 6612.60324957 7506.88948517 6218.69149826
10.36 6614.84456828 7513.0531126 6228.77743184
10.37 6612.60324957 7506.88948517 6217.57083897
10.38 6612.60324957 7509.13080423 6224.29479469
10.39 6614.2842386 7509.13080423 6224.85512433
10.4 6610.92226053 7505.76882563 6218.69149826
10.41 6614.84456828 7511.3721233 6227.09644291
10.42 6609.2412715 7503.52750657 6216.45017969
10.43 6612.04291989 7506.88948517 6223.1741354
10.44 6613.16357925 7506.3291554 6220.93281683
10.45 6608.68094182 7503.52750657 6216.45017969
10.46 6612.60324957 7510.25146377 6227.65677255
10.47 6607.56028246 7501.2861875 6215.88985004
10.48 6610.36193085 7505.20849587 6220.93281683
10.49 6609.80160118 7504.6481661 6221.49314647
10.5 6608.12061214 7501.2861875 6215.3295204
10.51 6610.92226053 7504.6481661 6226.53611326
10.52 6606.99995279 7501.2861875 6214.20886111
10.53 6609.2412715 7504.6481661 6219.81215754
10.54 6607.56028246 7504.08783633 6221.49314647
10.55 6605.31896375 7500.72585774 6214.20886111
10.56 6609.80160118 7505.76882563 6224.29479469
10.57 6605.87929343 7500.16552797 6212.52787219
10.58 6606.99995279 7502.9671768 6218.13116861
10.59 6606.43962311 7501.2861875 6218.69149826
10.6 6603.07764504 7499.04486844 6210.84688326
10.61 6607.56028246 7503.52750657 6219.81215754
10.62 6603.07764504 7497.36387914 6209.72622398
10.63 6604.1983044 7499.60519821 6216.45017969
10.64 6605.31896375 7499.60519821 6217.01050933
10.65 6602.51731537 7495.12256008 6210.84688326
10.66 6605.31896375 7501.84651727 6220.93281683
10.67 6602.51731537 7494.00190055 6210.28655362
10.68 6604.1983044 7496.80354938 6214.20886111
10.69 6604.1983044 7497.36387914 6214.76919076
10.7 6600.83632633 7492.88124102 6208.60556469
10.71 6604.75863408 7499.04486844 6219.81215754
10.72 6600.27599666 7494.00190055 6208.04523505
10.73 6601.95698569 7496.24321961 6215.3295204
10.74 6603.07764504 7496.80354938 6213.64853147
10.75 6599.71566698 7491.76058149 6208.60556469
10.76 6604.1983044 7498.48453867 6219.2518279
10.77 6599.71566698 7490.07959219 6205.24358684
10.78 6600.83632633 7493.44157078 6210.84688326
10.79 6600.27599666 7492.88124102 6210.84688326
10.8 6597.47434827 7488.95893266 6205.24358684
10.81 6601.39665601 7495.12256008 6214.20886111
10.82 6596.35368892 7488.95893266 6202.44193863
10.83 6598.03467795 7492.88124102 6207.48490541
10.84 6597.47434827 7492.88124102 6208.60556469
10.85 6594.11237021 7488.95893266 6203.00226827
10.86 6599.71566698 7494.00190055 6213.08820183
10.87 6594.11237021 7487.83827313 6200.76094971
10.88 6594.67269989 7490.63992196 6206.36424612
10.89 6595.79335924 7491.20025172 6206.36424612
10.9 6592.43138118 7485.59695408 6201.88160899
10.91 6597.47434827 7492.32091125 6210.84688326
10.92 6591.87105151 7485.59695408 6199.07996078
10.93 6592.99171086 7488.3986029 6205.24358684
10.94 6593.55204053 7488.3986029 6204.6832572
10.95 6591.87105151 7485.03662431 6199.64029042
10.96 6595.79335924 7491.20025172 6210.28655362
10.97 6591.87105151 7486.15728384 6198.51963114
10.98 6591.87105151 7487.27794337 6204.12292756
10.99 6592.43138118 7487.27794337 6201.88160899
11.0 6588.50907345 7483.91596478 6195.15765329
11.01 6592.43138118 7488.95893266 6206.36424612
11.02 6587.3884141 7482.23497549 6193.47666437
11.03 6589.6297328 7488.3986029 6199.07996078
11.04 6588.50907345 7487.83827313 6200.20062006
11.05 6585.14709539 7483.35563502 6192.91633473
11.06 6587.94874377 7490.07959219 6203.00226827
11.07 6583.46610636 7481.67464573 6190.67501617
11.08 6585.70742507 7484.47629455 6196.83864222
11.09 6585.70742507 7486.15728384 6195.71798294
11.1 6582.90577669 7482.23497549 6190.67501617
11.11 6586.26775474 7488.3986029 6199.64029042
11.12 6580.66445799 7481.11431596 6188.43369761
11.13 6583.46610636 7483.91596478 6194.59732365
11.14 6584.02643604 7483.35563502 6195.15765329
11.15 6580.10412831 7480.5539862 6189.55435689
11.16 6585.14709539 7486.15728384 6200.20062006
11.17 6582.34544701 7479.43332667 6187.31303833
11.18 6581.78511734 7483.35563502 6194.03699401
11.19 6582.34544701 7482.79530526 6193.47666437
11.2 6579.54379864 7479.43332667 6187.31303833
11.21 6582.90577669 7484.47629455 6199.07996078
11.22 6579.54379864 7477.19200762 6188.43369761
11.23 6581.22478766 7480.5539862 6193.47666437
11.24 6580.66445799 7480.5539862 6192.91633473
11.25 6577.86280961 7477.19200762 6186.75270869
11.26 6583.46610636 7483.35563502 6196.83864222
11.27 6577.86280961 7476.07134809 6187.31303833
11.28 6580.10412831 7478.87299691 6190.11468653
11.29 6580.10412831 7478.87299691 6190.11468653
11.3 6576.18182059 7474.3903588 6186.19237905
11.31 6581.78511734 7481.67464573 6194.03699401
11.32 6576.18182059 7473.83002904 6182.27007157
11.33 6576.74215026 7477.75233738 6190.11468653
11.34 6577.86280961 7477.19200762 6188.43369761
11.35 6575.62149091 7471.02838022 6183.95106049
11.36 6580.10412831 7479.43332667 6192.91633473
11.37 6575.06116124 7473.26969927 6182.83040121
11.38 6576.18182059 7474.95068856 6187.31303833
11.39 6576.18182059 7474.95068856 6190.11468653
11.4 6574.50083156 7470.46805046 6182.27007157
11.41 6578.42313929 7478.31266714 6192.35600509
11.42 6573.38017221 7472.14903975 6180.58908265
11.43 6573.94050189 7474.95068856 6184.51139013
11.44 6575.06116124 7474.95068856 6185.07171977
11.45 6570.57852384 7471.58870998 6178.34776409
11.46 6575.06116124 7477.75233738 6187.87336797
11.47 6570.01819416 7470.46805046 6177.78743445
11.48 6572.81984254 7473.83002904 6185.07171977
11.49 6572.81984254 7472.70936951 6185.07171977
11.5 6570.01819416 7469.34739093 6180.02875301
11.51 6575.06116124 7475.51101833 6190.67501617
11.52 6571.69918319 7468.22673141 6178.34776409
11.53 6572.81984254 7470.46805046 6183.95106049
11.54 6571.69918319 7470.46805046 6183.39073085
11.55 6569.45786449 7465.98541236 6176.10644553
11.56 6573.94050189 7471.02838022 6188.43369761
11.57 6570.01819416 7466.54574212 6177.22710481
11.58 6570.57852384 7468.78706117 6184.51139013
11.59 6571.69918319 7468.78706117 6183.39073085
11.6 6567.77687547 7463.74409331 6177.22710481
11.61 6571.69918319 7469.9077207 6186.19237905
11.62 6567.77687547 7460.9424445 6174.98578625
11.63 6569.45786449 7465.4250826 6182.27007157
11.64 6570.01819416 7465.4250826 6182.83040121
11.65 6566.65621612 7462.62343378 6177.22710481
11.66 6571.13885351 7468.78706117 6187.87336797
11.67 6567.21654579 7462.62343378 6175.54611589
11.68 6568.33720514 7463.74409331 6177.22710481
11.69 6568.33720514 7464.86475283 6178.90809373
11.7 6565.53555677 7460.38211474 6173.86512697
11.71 6570.01819416 7465.98541236 6184.51139013
11.72 6564.41489742 7459.26145521 6173.86512697
11.73 6564.9752271 7463.74409331 6177.22710481
11.74 6566.65621612 7464.86475283 6178.34776409
11.75 6564.9752271 7458.14079569 6174.98578625
11.76 6568.89753482 7464.30442307 6184.51139013
11.77 6563.85456775 7458.14079569 6172.18413806
11.78 6566.09588644 7459.82178498 6177.22710481
11.79 6565.53555677 7462.06310402 6174.98578625
11.8 6561.05291938 7457.58046593 6169.9428195
11.81 6565.53555677 7465.4250826 6181.14941229
11.82 6561.61324905 7458.70112545 6169.9428195
11.83 6561.05291938 7460.9424445 6174.98578625
11.84 6562.17357873 7460.38211474 6174.98578625
11.85 6559.93226003 7456.45980641 6168.26183059
11.86 6564.41489742 7463.18376355 6178.34776409
11.87 6559.93226003 7455.33914688 6168.26183059
11.88 6561.61324905 7458.14079569 6173.86512697
11.89 6562.17357873 7459.26145521 6174.42545661
11.9 6559.93226003 7455.89947665 6168.26183059
11.91 6563.29423808 7460.9424445 6179.46842337
11.92 6559.37193036 7453.09782784 6167.14117131
11.93 6560.49258971 7455.89947665 6174.42545661
11.94 6561.05291938 7455.89947665 6173.86512697
11.95 6558.25127101 7451.41683856 6167.14117131
11.96 6562.17357873 7458.14079569 6177.22710481
11.97 6558.81160069 7451.41683856 6164.89985275
11.98 6557.13061167 7453.6581576 6170.50314914
11.99 6558.81160069 7453.6581576 6171.62380842
12.0 6556.57028199 7450.29617903 6167.14117131
12.01 6561.61324905 7457.58046593 6174.98578625
12.02 6556.57028199 7450.8565088 6164.89985275
12.03 6557.69094134 7454.21848736 6169.9428195
12.04 6558.81160069 7454.77881712 6171.62380842
12.05 6554.88929297 7450.8565088 6162.6585342
12.06 6558.81160069 7457.02013617 6173.86512697
12.07 6553.76863363 7449.17551951 6163.77919348
12.08 6556.00995232 7453.09782784 6169.38248986
12.09 6556.00995232 7451.41683856 6169.38248986
12.1 6553.20830396 7448.05485999 6162.09820456
12.11 6558.81160069 7454.77881712 6172.7444677
12.12 6553.76863363 7448.61518975 6160.41721565
12.13 6553.76863363 7450.8565088 6166.58084167
12.14 6556.00995232 7450.29617903 6167.14117131
12.15 6552.08764461 7445.81354095 6159.85688601
12.16 6554.88929297 7453.6581576 6169.9428195
12.17 6550.96698526 7446.37387071 6159.29655637
12.18 6552.64797428 7449.73584927 6166.02051203
12.19 6553.20830396 7450.29617903 6165.46018239
12.2 6550.96698526 7446.37387071 6157.05523782
12.21 6553.76863363 7453.09782784 6168.82216022
12.22 6549.28599625 7445.81354095 6157.05523782
12.23 6551.52731494 7448.05485999 6162.6585342
12.24 6550.96698526 7449.17551951 6164.89985275
12.25 6549.28599625 7444.69288143 6159.29655637
12.26 6552.64797428 7450.29617903 6168.82216022
12.27 6549.28599625 7443.01189215 6156.49490819
12.28 6549.84632592 7446.37387071 6162.09820456
12.29 6550.96698526 7445.25321119 6162.6585342
12.3 6548.1653369 7442.45156239 6155.93457855
12.31 6552.64797428 7448.05485999 6166.58084167
12.32 6545.92401821 7443.01189215 6157.05523782
12.33 6548.1653369 7445.25321119 6161.53787493
12.34 6548.72566657 7446.37387071 6161.53787493
12.35 6545.36368854 7441.33090287 6154.81391927
12.36 6550.40665559 7445.81354095 6166.02051203
12.37 6544.80335887 7440.21024335 6152.01227109
12.38 6545.92401821 7443.57222191 6159.29655637
12.39 6547.60500723 7444.13255167 6159.85688601
12.4 6543.68269952 7440.21024335 6155.37424891
12.41 6548.72566657 7445.25321119 6162.6585342
12.42 6543.12236985 7437.96892431 6151.45194145
12.43 6544.80335887 7441.89123263 6156.49490819
12.44 6545.36368854 7441.89123263 6158.1758971
12.45 6541.44138084 7439.08958383 6152.57260072
12.46 6547.04467756 7445.25321119 6162.09820456
12.47 6542.56204018 7439.08958383 6152.01227109
12.48 6543.68269952 7441.89123263 6156.49490819
12.49 6544.2430292 7442.45156239 6156.49490819
12.5 6542.00171051 7436.28793503 6152.57260072
12.51 6545.92401821 7441.89123263 6163.21886384
12.52 6542.56204018 7436.28793503 6150.89161181
12.53 6543.68269952 7439.08958383 6153.69326
12.54 6542.56204018 7437.96892431 6155.37424891
12.55 6540.32072149 7433.48628624 6149.2106229
12.56 6544.80335887 7440.77057311 6162.09820456
12.57 6542.00171051 7435.16727552 6149.2106229
12.58 6542.00171051 7438.52925407 6152.57260072
12.59 6542.00171051 7437.40859455 6153.13293036
12.6 6538.07940281 7434.046616 6146.40897472
12.61 6541.44138084 7440.21024335 6158.1758971
12.62 6538.07940281 7432.36562672 6146.96930435
12.63 6539.20006215 7435.16727552 6152.01227109
12.64 6539.20006215 7436.84826479 6152.57260072
12.65 6536.39841379 7433.48628624 6144.72798581
12.66 6540.32072149 7439.08958383 6155.93457855
12.67 6535.27775445 7432.92595648 6144.72798581
12.68 6537.51907314 7435.72760528 6148.65029326
12.69 6536.39841379 7436.28793503 6152.01227109
12.7 6534.71742478 7433.48628624 6144.16765617
12.71 6537.51907314 7439.08958383 6154.25358964
12.72 6534.71742478 7430.12430769 6144.16765617
12.73 6536.39841379 7434.046616 6150.89161181
12.74 6536.95874346 7434.60694576 6150.33128217
12.75 6532.47610609 7430.12430769 6143.0469969
12.76 6536.95874346 7435.72760528 6154.25358964
12.77 6534.15709511 7429.56397793 6141.36600799
12.78 6533.59676544 7432.92595648 6145.84864508
12.79 6534.71742478 7433.48628624 6146.40897472
12.8 6531.35544675 7429.56397793 6138.00403017
12.81 6534.71742478 7436.84826479 6149.2106229
12.82 6530.79511708 7430.12430769 6138.00403017
12.83 6530.79511708 7432.92595648 6143.60732653
12.84 6532.47610609 7433.48628624 6145.84864508
12.85 6528.5537984 7429.56397793 6138.00403017
12.86 6533.03643577 7435.16727552 6148.65029326
12.87 6529.11412807 7426.20199938 6139.12468944
12.88 6529.67445774 7430.68463745 6143.60732653
12.89 6530.79511708 7430.68463745 6144.16765617
12.9 6528.5537984 7426.20199938 6137.44370054
12.91 6532.47610609 7433.48628624 6148.65029326
12.92 6529.11412807 7425.64166962 6139.12468944
12.93 6530.79511708 7429.00364817 6144.16765617
12.94 6530.79511708 7429.56397793 6144.72798581
12.95 6526.87280939 7424.5210101 6138.00403017
12.96 6531.35544675 7430.68463745 6148.08996363
12.97 6527.99346873 7423.40035059 6136.32304126
12.98 6530.23478741 7426.76232914 6143.0469969
12.99 6531.35544675 7427.32265889 6143.60732653
13.0 6527.99346873 7423.40035059 6136.8833709
13.01 6530.79511708 7427.88298865 6145.84864508
13.02 6527.43313906 7423.40035059 6135.20238199
13.03 6526.87280939 7426.20199938 6141.36600799
13.04 6527.99346873 7426.20199938 6141.92633762
13.05 6525.19182038 7421.71936131 6136.32304126
13.06 6529.11412807 7427.88298865 6146.40897472
13.07 6524.63149071 7421.71936131 6134.08172272
13.08 6525.75215005 7425.64166962 6139.12468944
13.09 6526.31247972 7424.5210101 6141.36600799
13.1 6523.51083137 7420.5987018 6132.96106345
13.11 6526.87280939 7427.32265889 6145.28831544
13.12 6524.07116104 7421.15903156 6132.96106345
13.13 6524.63149071 7422.27969107 6137.44370054
13.14 6525.19182038 7422.27969107 6140.80567835
13.15 6522.39017203 7418.35738277 6135.20238199
13.16 6527.43313906 7424.5210101 6145.28831544
13.17 6523.51083137 7417.23672325 6133.52139308
13.18 6522.9505017 7421.71936131 6136.8833709
13.19 6524.07116104 7420.5987018 6136.8833709
13.2 6521.82984236 7417.79705301 6129.038756
13.21 6524.63149071 7424.5210101 6141.92633762
13.22 6522.39017203 7416.11606374 6131.28007454
13.23 6521.26951269 7421.15903156 6134.64205236
13.24 6521.26951269 7422.27969107 6135.76271163
13.25 6518.46786434 7416.11606374 6128.47842637
13.26 6523.51083137 7421.15903156 6139.68501908
13.27 6519.58852368 7414.99540422 6127.91809673
13.28 6521.26951269 7418.91771253 6133.52139308
13.29 6520.70918302 7419.47804228 6135.76271163
13.3 6517.90753467 7414.43507447 6127.91809673
13.31 6524.07116104 7420.03837204 6138.00403017
13.32 6518.46786434 7414.43507447 6127.91809673
13.33 6519.02819401 7418.91771253 6131.84040418
13.34 6520.14885335 7418.35738277 6134.64205236
13.35 6516.78687533 7414.99540422 6128.47842637
13.36 6522.9505017 7418.91771253 6139.12468944
13.37 6518.46786434 7412.7540852 6126.79743746
13.38 6520.14885335 7414.99540422 6131.84040418
13.39 6520.14885335 7414.99540422 6132.96106345
13.4 6518.46786434 7411.07309593 6126.79743746
13.41 6521.82984236 7417.79705301 6136.8833709
13.42 6517.347205 7412.19375544 6125.11644856
13.43 6516.78687533 7414.43507447 6128.47842637
13.44 6517.347205 7414.43507447 6129.038756
13.45 6512.30423797 7411.07309593 6122.31480038
13.46 6517.90753467 7418.35738277 6132.96106345
13.47 6513.42489731 7411.07309593 6122.31480038
13.48 6512.30423797 7415.55573398 6127.91809673
13.49 6513.98522698 7415.55573398 6127.91809673
13.5 6508.94225996 7412.19375544 6121.75447075
13.51 6514.54555665 7418.91771253 6132.40073381
13.52 6510.0629193 7411.07309593 6120.63381148
13.53 6511.7439083 7414.43507447 6124.55611892
13.54 6513.42489731 7414.99540422 6127.91809673
13.55 6510.0629193 7411.07309593 6122.31480038
13.56 6514.54555665 7414.99540422 6130.15941527
13.57 6510.62324897 7409.95243641 6120.07348184
13.58 6511.18357864 7413.31441495 6125.67677819
13.59 6512.86456764 7413.31441495 6125.67677819
13.6 6508.94225996 7408.27144714 6118.39249294
13.61 6513.42489731 7413.87474471 6129.038756
13.62 6508.94225996 7408.27144714 6119.51315221
13.63 6509.50258963 7410.51276617 6124.55611892
13.64 6510.62324897 7411.63342568 6125.11644856
13.65 6507.82160062 7406.59045788 6118.39249294
13.66 6511.7439083 7412.19375544 6129.038756
13.67 6508.94225996 7406.59045788 6117.83216331
13.68 6508.38193029 7409.95243641 6119.51315221
13.69 6507.82160062 7411.07309593 6123.99578929
13.7 6506.14061162 7407.15078763 6115.59084477
13.71 6509.50258963 7412.7540852 6126.23710783
13.72 6505.58028195 7404.90946861 6114.4701855
13.73 6506.70094128 7408.8317769 6118.39249294
13.74 6507.26127095 7409.39210666 6120.07348184
13.75 6502.21830394 7406.03012812 6113.34952623
13.76 6507.82160062 7412.19375544 6123.99578929
13.77 6503.33896327 7403.7888091 6114.4701855
13.78 6505.01995228 7408.27144714 6119.51315221
13.79 6507.82160062 7408.8317769 6120.63381148
13.8 6502.77863361 7402.66814958 6113.34952623
13.81 6507.26127095 7410.51276617 6125.11644856
13.82 6503.89929294 7403.22847934 6115.03051514
13.83 6505.58028195 7406.59045788 6120.63381148
13.84 6506.70094128 7406.59045788 6119.51315221
13.85 6502.77863361 7401.54749007 6111.66853733
13.86 6506.14061162 7408.27144714 6122.87513002
13.87 6502.77863361 7401.54749007 6112.22886697
13.88 6504.45962261 7404.34913885 6116.71150404
13.89 6505.01995228 7404.90946861 6118.95282257
13.9 6500.53731493 7402.10781983 6111.66853733
13.91 6506.14061162 7406.59045788 6120.07348184
13.92 6501.0976446 7400.42683056 6109.4272188
13.93 6500.53731493 7402.66814958 6116.71150404
13.94 6503.89929294 7403.7888091 6119.51315221
13.95 6501.0976446 7399.30617105 6111.66853733
13.96 6505.58028195 7404.90946861 6121.75447075
13.97 6501.0976446 7399.30617105 6111.66853733
13.98 6501.65797427 7400.98716032 6115.59084477
13.99 6503.33896327 7402.66814958 6115.59084477
14.0 6499.4166556 7396.50452227 6109.98754843
14.01 6503.89929294 7403.7888091 6121.75447075
14.02 6500.53731493 7395.94419252 6110.54787806
14.03 6501.0976446 7399.86650081 6114.4701855
14.04 6501.65797427 7400.98716032 6114.4701855
14.05 6497.73566659 7396.50452227 6108.30655953
14.06 6502.77863361 7403.22847934 6118.95282257
14.07 6497.73566659 7396.50452227 6108.30655953
14.08 6498.29599626 7399.30617105 6113.90985587
14.09 6499.97698527 7400.42683056 6113.90985587
14.1 6496.61500726 7395.94419252 6106.065241
14.11 6499.97698527 7402.10781983 6118.95282257
14.12 6497.17533693 7394.82353301 6106.62557063
14.13 6497.73566659 7398.18551154 6110.54787806
14.14 6497.73566659 7399.86650081 6112.7891966
14.15 6493.81335892 7394.26320325 6104.94458173
14.16 6498.85632593 7399.30617105 6115.59084477
14.17 6494.37368859 7393.14254374 6104.3842521
14.18 6495.49434792 7396.50452227 6109.98754843
14.19 6496.61500726 7398.18551154 6112.22886697
14.2 6493.81335892 7393.14254374 6104.3842521
14.21 6497.73566659 7399.86650081 6113.90985587
14.22 6494.37368859 7393.7028735 6104.94458173
14.23 6496.05467759 7395.94419252 6108.86688916
14.24 6496.61500726 7396.50452227 6109.98754843
14.25 6491.57204025 7392.02188423 6103.26359283
14.26 6496.61500726 7398.18551154 6113.34952623
14.27 6492.69269959 7392.58221399 6102.7032632
14.28 6493.25302925 7394.26320325 6109.4272188
14.29 6496.05467759 7393.7028735 6111.66853733
14.3 6493.25302925 7391.46155448 6103.26359283
14.31 6496.61500726 7397.62518178 6111.66853733
14.32 6491.57204025 7389.78056522 6103.26359283
14.33 6492.69269959 7392.58221399 6105.50491136
14.34 6493.81335892 7393.14254374 6107.7462299
14.35 6491.01171058 7388.65990571 6099.90161503
14.36 6494.37368859 7396.50452227 6113.34952623
14.37 6490.45138092 7389.78056522 6102.14293357
14.38 6493.81335892 7390.90122473 6106.065241
14.39 6495.49434792 7392.02188423 6106.62557063
14.4 6491.01171058 7387.5392462 6099.90161503
14.41 6494.93401826 7394.26320325 6111.1082077
14.42 6490.45138092 7387.5392462 6097.6602965
14.43 6489.89105125 7390.90122473 6103.26359283
14.44 6491.57204025 7392.58221399 6107.7462299
14.45 6488.77039192 7386.41858669 6098.78095577
14.46 6493.25302925 7392.58221399 6108.30655953
14.47 6488.77039192 7385.85825694 6097.09996687
14.48 6488.77039192 7387.5392462 6102.14293357
14.49 6489.89105125 7390.34089497 6105.50491136
14.5 6487.08940291 7385.85825694 6096.53963724
14.51 6491.57204025 7392.58221399 6106.62557063
14.52 6486.52907325 7385.85825694 6095.41897797
14.53 6487.08940291 7388.09957595 6100.46194467
14.54 6489.33072158 7389.78056522 6103.26359283
14.55 6483.72742491 7385.29792718 6094.85864834
14.56 6488.77039192 7390.90122473 6105.50491136
14.57 6484.84808425 7385.29792718 6094.85864834
14.58 6485.96874358 7387.5392462 6099.90161503
14.59 6487.64973258 7389.22023546 6102.14293357
14.6 6484.84808425 7383.61693792 6094.29831871
14.61 6487.08940291 7390.34089497 6105.50491136
14.62 6484.28775458 7385.85825694 6092.61732981
14.63 6484.84808425 7386.41858669 6101.0222743
14.64 6488.21006225 7388.65990571 6101.58260393
14.65 6483.16709525 7383.61693792 6092.61732981
14.66 6487.64973258 7389.78056522 6104.3842521
14.67 6483.72742491 7381.93594866 6093.17765944
14.68 6484.84808425 7384.73759743 6096.53963724
14.69 6485.40841391 7385.85825694 6098.78095577
14.7 6482.60676558 7379.69462965 6090.93634092
14.71 6486.52907325 7388.09957595 6102.7032632
14.72 6480.92577658 7382.49627841 6090.93634092
14.73 6481.48610625 7383.05660817 6095.41897797
14.74 6483.16709525 7384.73759743 6097.6602965
14.75 6480.36544692 7380.81528915 6090.93634092
14.76 6484.28775458 7386.41858669 6101.0222743
14.77 6480.36544692 7380.81528915 6090.93634092
14.78 6480.92577658 7383.05660817 6095.97930761
14.79 6482.60676558 7384.73759743 6099.90161503
14.8 6478.68445792 7380.2549594 6090.93634092
14.81 6483.16709525 7385.29792718 6101.0222743
14.82 6479.24478758 7379.69462965 6089.81568165
14.83 6479.80511725 7380.81528915 6095.97930761
14.84 6482.04643592 7383.05660817 6097.09996687
14.85 6479.80511725 7378.57397014 6089.25535202
14.86 6483.16709525 7384.73759743 6100.46194467
14.87 6478.68445792 7379.13429989 6089.81568165
14.88 6478.68445792 7381.37561891 6094.29831871
14.89 6479.80511725 7381.93594866 6097.6602965
14.9 6477.56379859 7376.33265113 6088.69502239
14.91 6482.04643592 7383.61693792 6099.90161503
14.92 6478.68445792 7376.89298088 6089.81568165
14.93 6478.68445792 7379.69462965 6093.73798908
14.94 6479.80511725 7380.81528915 6096.53963724
14.95 6477.56379859 7374.65166187 6088.13469276
14.96 6482.04643592 7381.37561891 6098.78095577
14.97 6478.12412825 7375.21199162 6087.01403349
14.98 6477.56379859 7378.01364039 6091.49667055
14.99 6478.68445792 7379.13429989 6095.41897797
15.0 6475.88280959 7374.09133211 6086.45370386
15.01 6479.24478758 7379.69462965 6095.97930761
15.02 6476.44313925 7372.97067261 6087.01403349
15.03 6477.56379859 7375.77232137 6090.93634092
15.04 6477.56379859 7377.45331063 6093.17765944
15.05 6473.64149093 7372.97067261 6085.3330446
15.06 6478.68445792 7378.57397014 6095.41897797
15.07 6473.08116126 7371.8500131 6087.57436312
15.08 6476.44313925 7374.65166187 6090.93634092
15.09 6477.56379859 7376.89298088 6094.29831871
15.1 6473.64149093 7370.7293536 6086.45370386
15.11 6478.68445792 7375.21199162 6094.85864834
15.12 6474.76215026 7371.8500131 6084.77271497
15.13 6475.88280959 7374.65166187 6088.69502239
15.14 6475.32247992 7374.65166187 6092.61732981
15.15 6473.08116126 7369.60869409 6083.6520557
15.16 6477.56379859 7376.33265113 6093.73798908
15.17 6472.52083159 7370.16902385 6083.6520557
15.18 6474.20182059 7371.8500131 6088.13469276
15.19 6475.32247992 7372.97067261 6090.37601128
15.2 6471.96050193 7370.16902385 6082.53139644
15.21 6475.32247992 7376.33265113 6093.73798908
15.22 6473.08116126 7368.48803459 6081.41073718
15.23 6471.96050193 7370.7293536 6085.3330446
15.24 6473.64149093 7372.97067261 6088.69502239
15.25 6469.71918327 7369.60869409 6081.41073718
15.26 6474.20182059 7375.21199162 6090.93634092
15.27 6469.1588536 7367.92770484 6081.97106681
15.28 6470.8398426 7370.7293536 6085.89337423
15.29 6470.8398426 7371.28968335 6088.69502239
15.3 6469.71918327 7366.24671558 6080.29007792
15.31 6474.76215026 7371.8500131 6092.05700018
15.32 6469.71918327 7367.92770484 6081.41073718
15.33 6470.27951293 7370.16902385 6084.21238534
15.34 6471.40017226 7371.8500131 6087.01403349
15.35 6468.59852394 7367.36737508 6079.16941865
15.36 6473.08116126 7374.65166187 6088.69502239
15.37 6467.47786461 7367.36737508 6078.60908902
15.38 6467.47786461 7371.28968335 6083.09172607
15.39 6469.71918327 7370.7293536 6085.3330446
15.4 6465.79687561 7366.24671558 6076.3677705
15.41 6470.27951293 7372.41034286 6088.13469276
15.42 6466.35720528 7365.68638583 6078.04875939
15.43 6468.59852394 7367.92770484 6081.97106681
15.44 6469.71918327 7369.04836434 6085.3330446
15.45 6466.91753494 7365.12605608 6076.92810013
15.46 6471.40017226 7372.41034286 6085.3330446
15.47 6466.35720528 7364.00539657 6076.3677705
15.48 6466.35720528 7367.36737508 6079.72974829
15.49 6467.47786461 7367.92770484 6081.97106681
15.5 6461.87456796 7363.44506682 6074.12645198
15.51 6467.47786461 7367.92770484 6084.21238534
15.52 6463.55555695 7363.44506682 6074.68678161
15.53 6464.11588662 7365.12605608 6079.16941865
15.54 6465.79687561 7367.36737508 6081.97106681
15.55 6462.99522729 7363.44506682 6074.68678161
15.56 6467.47786461 7368.48803459 6084.77271497
15.57 6464.67621628 7360.64341806 6074.12645198
15.58 6463.55555695 7362.88473707 6077.48842976
15.59 6466.35720528 7367.36737508 6079.72974829
15.6 6461.87456796 7361.20374781 6074.12645198
15.61 6466.35720528 7366.80704533 6083.09172607
15.62 6461.87456796 7361.20374781 6074.12645198
15.63 6461.87456796 7363.44506682 6078.04875939
15.64 6465.23654595 7365.68638583 6081.41073718
15.65 6461.31423829 7359.52275856 6071.32480383
15.66 6465.23654595 7365.68638583 6081.97106681
15.67 6461.87456796 7360.08308831 6072.44546309
15.68 6461.87456796 7360.64341806 6075.80744087
15.69 6462.99522729 7364.56572632 6078.60908902
15.7 6460.75390863 7358.40209906 6071.88513346
15.71 6462.99522729 7365.12605608 6081.97106681
15.72 6460.19357897 7360.08308831 6072.44546309
15.73 6460.19357897 7361.20374781 6075.24711124
15.74 6462.99522729 7364.00539657 6078.60908902
15.75 6459.07291964 7357.84176931 6068.52315567
15.76 6462.43489762 7365.12605608 6080.85040755
15.77 6458.51258997 7359.52275856 6070.20414457
15.78 6459.6332493 7360.64341806 6074.12645198
15.79 6460.75390863 7362.88473707 6077.48842976
15.8 6457.39193064 7357.84176931 6070.20414457
15.81 6460.75390863 7363.44506682 6082.53139644
15.82 6459.07291964 7357.28143956 6071.32480383
15.83 6460.19357897 7359.52275856 6072.44546309
15.84 6461.31423829 7361.20374781 6076.92810013
15.85 6457.95226031 7356.16078005 6067.96282604
15.86 6462.43489762 7363.44506682 6078.04875939
15.87 6456.83160098 7357.28143956 6068.52315567
15.88 6457.39193064 7360.08308831 6073.56612235
15.89 6460.19357897 7361.20374781 6073.56612235
15.9 6454.59028232 7354.4797908 6067.40249641
15.91 6460.19357897 7359.52275856 6078.60908902
15.92 6457.39193064 7354.4797908 6067.96282604
15.93 6457.95226031 7356.16078005 6071.88513346
15.94 6459.6332493 7358.40209906 6075.24711124
15.95 6456.27127132 7353.91946105 6066.84216678
15.96 6460.19357897 7359.52275856 6076.3677705
15.97 6455.71094165 7354.4797908 6067.40249641
15.98 6457.39193064 7356.7211098 6069.64381494
15.99 6456.83160098 7357.28143956 6071.88513346
