1.0 667.507404532 6348.68797675 5703.74857637
1.01 631.08599511 4980.36309839 4868.8575195
1.02 595.785244458 4154.43738762 4010.9930384
1.03 554.3208707 3644.53756168 3220.92849362
1.04 520.140778837 3347.00261943 2605.68677707
1.05 483.71936949 3154.24928982 2115.95887119
1.06 441.694666418 3015.28758891 1722.60763342
1.07 403.592268982 2920.59191453 1449.16689094
1.08 356.524601581 2824.77558194 1208.22525534
1.09 318.982533549 2750.25176815 1040.68677025
1.1 263.509925581 2671.24531937 892.199484731
1.11 210.278635125 2589.99755332 758.280763499
1.12 146.401086597 2523.87868195 668.628063284
1.13 81.9632087101 2438.14828135 553.760541325
1.14 20.326977695 2369.22776355 476.435087623
1.15 -48.593535166 2293.58329311 391.265022756
1.16 -116.393389288 2213.45618774 297.129687983
1.17 -192.037854648 2148.45797665 239.415762531
1.18 -263.760014422 2064.40856609 143.599439732
1.19 -341.085467969 1994.92772031 75.2392562354
1.2 -422.333227186 1917.04193379 0.15512027249
1.21 -501.339668976 1836.91482997 -90.0579087599
1.22 -588.190722099 1769.67530252 -150.57348104
1.23 -667.757493445 1682.26391713 -249.751780089
1.24 -751.806899913 1609.42109622 -318.672293023
1.25 -832.494330249 1534.33695796 -397.678734727
1.26 -901.414843768 1451.40820849 -486.771105236
1.27 -976.498980571 1385.28934085 -544.485030837
1.28 -1038.13521238 1304.60190935 -633.017072141
1.29 -1099.77144428 1239.04337142 -694.653303501
1.3 -1151.8820768 1168.44186918 -760.211840567
1.31 -1195.58776864 1095.03872018 -836.976965271
1.32 -1189.98447481 1050.21236971 -863.312446037
1.33 -1197.26875679 986.334820392 -926.069336435
1.34 -1218.56127335 938.146493778 -953.525476012
1.35 -1253.30169514 883.234214679 -993.869191343
1.36 -1306.53298666 820.47732436 -1050.46245875
1.37 -1485.278061 749.315493471 -1105.3747381
1.38 -2127.97587837 562.725811325 -1326.70484453
1.39 -2124.61390194 485.400357614 -1431.48643977
1.4 -1896.55983557 448.418618908 -1486.39871978
1.41 -2092.6751259 347.559331602 -1604.06789163
1.42 -1924.01597611 323.465168537 -1613.59349128
1.43 -1991.25550409 250.062020622 -1685.31565346
1.44 -2009.74637433 202.994353275 -1714.45278191
1.45 -1962.67870467 161.529979668 -1736.86595767
1.46 -1925.1366349 117.263959203 -1762.64110981
1.47 -1881.99127122 92.609466795 -1750.31386313
1.48 -1829.88063729 56.7483869307 -1763.7617686
1.49 -1760.96012163 43.300481982 -1737.98661646
1.5 -1688.67762982 27.6112595421 -1716.69409949
1.51 -1606.86953858 16.4046720851 -1693.72059436
1.52 -1519.45815372 25.3699420507 -1632.64469059
1.53 -1414.67655815 19.7666483222 -1602.94723284
1.54 -1312.13628051 35.455870762 -1537.94902357
1.55 -1204.55303877 50.5847638292 -1476.31279079
1.56 -1091.92683294 65.1533275237 -1418.59886386
1.57 -980.421286228 101.014407389 -1328.94616207
1.58 -873.958704224 119.505276695 -1270.11157666
1.59 -758.530852437 160.409320922 -1175.97624024
1.6 -640.301354025 196.270400797 -1097.53012676
1.61 -531.037125838 231.571151306 -1022.44598973
1.62 -427.376191553 283.121453648 -919.345383888
1.63 -312.508669913 318.422204175 -854.347175988
1.64 -195.399830886 375.575800288 -750.68624116
1.65 -71.0067100812 427.126102691 -658.792223429
1.66 64.5929981508 482.038381367 -571.941170216
1.67 208.037317633 556.5621882 -448.668707774
1.68 366.050200934 616.517431346 -355.654031686
1.69 548.157247576 703.368484601 -219.493993933
1.7 742.591540951 789.659208609 -93.9802143704
1.71 948.792751978 878.191250275 37.1368588806
1.72 1167.32121041 989.13646729 209.718305752
1.73 1304.04157997 1072.62554494 332.990767888
1.74 1406.02152814 1165.64022227 473.633440751
1.75 1374.08275313 1225.03513684 559.92416445
1.76 1437.96030319 1293.39532166 641.732253246
1.77 1879.49986413 1458.13216114 851.855769509
1.78 2224.66277588 1568.51705072 995.860419845
1.79 3728.58698182 1948.98070952 1502.39818279
1.8 3332.99438316 2033.59044898 1687.86721105
1.81 3512.29980861 2187.68103504 1923.20555717
1.82 3556.56583595 2327.2030577 2135.57040034
1.83 3366.05382077 2393.32192827 2224.66277588
1.84 3455.70653341 2512.1117642 2358.58150472
1.85 3504.45519619 2610.16941244 2451.03585788
1.86 3368.29513858 2666.20235457 2486.33661104
1.87 3452.34455667 2765.94099208 2568.70503539
1.88 3389.02732832 2820.85327594 2580.47195319
1.89 3188.42938584 2856.7143594 2577.67030609
1.9 2938.52245637 2863.43831256 2520.51670545
1.91 2889.77379579 2887.53247806 2470.64738741
1.92 2874.08457173 2928.99685601 2458.32014028
1.93 2833.18052337 2947.4877273 2409.01115184
1.94 2783.87153372 2977.1851873 2388.83929297
1.95 2710.468379 2990.63309374 2345.69392826
1.96 2624.73797737 2992.31408205 2293.0229637
1.97 2705.42541418 3036.5801075 2305.35021071
1.98 2601.76447113 3032.09747201 2252.67924626
1.99 2498.10352878 3034.89911919 2221.30079944
2.0 2333.36668122 3014.72725948 2156.86291773
2.01 2187.12070563 2987.27111713 2072.25317773
2.02 2016.22023754 2962.05629258 2002.21200252
2.03 1839.71647695 2907.70433759 1882.30151112
2.04 1666.57469414 2867.36061857 1787.04551376
2.05 1501.27752402 2811.88800509 1664.89370597
2.06 1329.25640229 2746.32946218 1534.89728735
2.07 1167.8815398 2691.97750802 1429.55536239
2.08 1009.86865434 2615.77270664 1283.30939274
2.09 855.217745776 2553.01581167 1169.00219856
2.1 699.446178967 2475.13002273 1040.12644087
2.11 550.398565076 2394.4425871 903.966401677
2.12 406.954245226 2325.52206947 794.702173003
2.13 259.027290595 2234.1883758 649.576864506
2.14 113.901982966 2157.98357654 538.071318829
2.15 -34.5853008444 2067.77054251 406.393915852
2.16 -187.555219663 1974.1955325 266.871901821
2.17 -341.645797342 1891.82711088 154.806027192
2.18 -504.141315849 1785.36452557 1.27577901819
2.19 -666.076505317 1691.22918741 -120.876024272
2.2 -844.261247184 1584.20627364 -263.760014422
2.21 -1019.64434283 1470.45940767 -415.048945322
2.22 -1237.61247239 1359.5141891 -554.570959587
2.23 -1435.96907487 1228.95744252 -730.514383596
2.24 -1595.66295076 1120.81387172 -868.355410441
2.25 -1748.07254555 1001.46371364 -1023.00631911
2.26 -1889.2755534 881.553226544 -1177.65722839
2.27 -2090.43380829 760.522081006 -1318.86023313
2.28 -2321.84985346 614.276113845 -1507.13090716
2.29 -2630.59136173 466.909488259 -1687.55697103
2.3 -3012.73603229 287.604088635 -1917.85235272
2.31 -3241.91077394 121.186264814 -2138.06180766
2.32 -3277.21152914 2.95676713673 -2290.47140648
2.33 -3339.96842752 -129.280964866 -2461.93220675
2.34 -3382.5534659 -235.743545757 -2576.23940793
2.35 -3429.06081062 -348.930079201 -2692.78792765
2.36 -3494.05902764 -460.99595401 -2803.73315401
2.37 -3477.24914389 -545.045360212 -2863.68840295
2.38 -3407.76829133 -627.413778384 -2933.16925251
2.39 -3610.04722619 -733.876359856 -3010.49471455
2.4 -3397.68236115 -780.94402752 -3023.94262103
2.41 -3295.70240095 -832.494330249 -3036.83019809
2.42 -3218.3769372 -868.355410441 -3012.17570286
2.43 -3125.36224956 -912.621431342 -3008.81372624
2.44 -3036.26986866 -933.353618362 -2965.66835969
2.45 -2946.05682949 -959.128769806 -2933.16925251
2.46 -2850.80082605 -979.860956849 -2893.94619223
2.47 -2736.49362278 -978.17996871 -2822.78435458
2.48 -2614.90213793 -990.507215064 -2781.3199769
2.49 -2484.34538339 -974.257663052 -2695.58957477
2.5 -2343.70270049 -961.930416703 -2618.26411446
2.51 -2189.05178359 -940.63790029 -2537.57667803
2.52 -2035.52152681 -902.535502525 -2423.82980654
2.53 -1877.50863604 -876.200021737 -2340.34072403
2.54 -1718.93541706 -824.089389583 -2217.06825394
2.55 -1552.5175877 -777.021721879 -2108.92467862
2.56 -1391.70305329 -727.712736713 -1999.10011571
2.57 -1236.49181362 -659.912882181 -1862.37974231
2.58 -1078.4789278 -608.362579614 -1760.96012163
2.59 -925.509007056 -534.399102088 -1623.11909093
2.6 -778.702710011 -467.159577128 -1503.20860144
2.61 -634.698060268 -398.799393475 -1387.2204182
2.62 -486.210775861 -315.870646155 -1247.13807191
2.63 -347.249091079 -250.312109462 -1142.91680668
2.64 -211.089053335 -162.340397874 -1007.31709646
2.65 -66.5240750981 -85.5752737766 -890.768585575
2.66 66.2739862694 -8.24982032025 -778.702710011
2.67 206.356329513 86.4458436932 -639.74102465
2.68 347.559331602 162.650638414 -538.321407712
2.69 493.805298231 261.268608088 -398.799393475
2.7 643.973570749 354.84361346 -277.207919384
2.71 801.42612553 450.099607031 -154.495786651
2.72 963.921645215 557.122517575 -7.12916157455
2.73 1125.85683615 649.01653513 108.298689236
2.74 1292.27466289 763.32372789 261.268608088
2.75 1457.01150236 871.467297738 395.187328373
2.76 1621.18801343 980.171197217 526.864731333
2.77 1783.68353739 1101.20234337 687.118932692
2.78 1943.93774493 1206.5442672 809.270736812
2.79 2106.99360073 1332.6183786 968.40428025
2.8 2277.89406965 1450.28754971 1113.52958976
2.81 2446.55322257 1568.51705072 1254.73259416
2.82 2660.59906034 1710.28038677 1430.67602116
2.83 2848.30941795 1830.75120661 1572.43935645
2.84 2985.02979939 1964.10960331 1737.73652705
2.85 3094.29403965 2078.97713056 1873.33624076
2.86 3190.67070362 2191.04301147 1994.36739091
2.87 3304.41758123 2314.87581068 2136.13072974
2.88 3421.52643663 2421.33839893 2240.9123287
2.89 3441.69829701 2521.63736428 2353.53854002
2.9 3507.81717294 2620.255342 2445.43256374
2.91 3726.34566394 2742.96748562 2565.34305888
2.92 4843.64269031 3037.70076638 2907.70433759
2.93 5340.65500473 3217.0061875 3177.78312642
2.94 4847.00466754 3317.86548801 3308.33988737
2.95 4560.11594955 3415.36281264 3413.12149482
2.96 4560.11594955 3447.86192102 3440.01730865
2.97 4536.58210983 3561.6088011 3545.91957619
2.98 4143.23079777 3598.5905456 3515.10145591
2.99 4422.2748892 3715.69940402 3610.35746434
3.0 4454.7740008 3804.23146051 3638.93426702
3.01 4881.74509889 3920.21966223 3745.9571954
3.02 3159.85258425 3681.51930646 3413.68182427
3.03 2861.19699484 3608.67647594 3187.8690564
3.04 2455.5184932 3522.94606833 2948.60838617
3.05 2169.75049405 3431.61236682 2695.89981398
3.06 1900.79238124 3335.23570096 2441.51025784
3.07 1654.80777691 3248.38463646 2222.98178766
3.08 1422.27108036 3141.36171266 1978.1178383
3.09 1200.38064398 3046.10570794 1777.51991405
3.1 976.248891561 2940.7637741 1567.39639194
3.11 766.125374775 2832.62019394 1360.63484787
3.12 558.8035057 2734.00221482 1184.69142127
3.13 358.765919076 2611.8504007 980.731526596
3.14 163.210967787 2507.06879945 814.874030586
3.15 -29.5423364887 2388.27896356 630.525665734
3.16 -223.976628918 2265.00649325 447.29796016
3.17 -420.652239063 2151.25962367 288.164418009
3.18 -619.008837749 2015.65990814 93.1697961679
3.19 -829.69268336 1892.38744027 -69.8860513355
3.2 -1057.18641132 1751.18443251 -258.717050062
3.21 -1302.05035158 1606.05911987 -455.392660266
3.22 -1561.48285794 1463.17512563 -639.180695274
3.23 -2192.41376003 1227.27645437 -951.844487875
3.24 -2756.10515269 1000.34305488 -1262.82729467
3.25 -2455.20825377 900.044096028 -1425.32281651
3.26 -2548.7832664 757.720434122 -1610.79184432
3.27 -3023.94262103 558.8035057 -1845.009531
3.28 -3282.25449418 369.972506551 -2090.99413769
3.29 -3376.95017137 224.847198827 -2263.01526542
3.3 -3143.85312114 135.754828511 -2361.07291226
3.31 -2737.05395221 101.014407389 -2364.99521815
3.32 -2398.0546535 93.1697961679 -2298.31601822
3.33 -1996.8587981 102.695395507 -2199.13771291
3.34 -2083.70985544 58.4293750493 -2138.62213706
3.35 -2170.00058378 -4.3275147103 -2119.5709373
3.36 -2156.55267804 -50.8348526575 -2097.71809054
3.37 -2212.58561869 -98.4628493538 -2080.90820843
3.38 -2242.84340671 -159.538751009 -2106.683361
3.39 -2038.88350322 -160.099080382 -2049.52976186
3.4 -2042.24547963 -198.201477752 -2041.68515023
3.41 -2056.25371469 -235.183216383 -2042.24547963
3.42 -2116.76929028 -271.044296276 -2036.64218561
3.43 -2019.27197415 -297.379776828 -2034.400868
3.44 -1910.00774114 -295.138459334 -1986.77286889
3.45 -1878.06896544 -316.430975528 -1971.64397507
3.46 -1828.7599785 -330.999539242 -1953.15310487
3.47 -1774.40802711 -328.197892374 -1908.88708234
3.48 -1711.09080555 -338.844150474 -1894.31851798
3.49 -1634.88600815 -328.197892374 -1838.28557824
3.5 -1557.00022282 -323.715257385 -1799.6228499
3.51 -1483.59707284 -314.749987408 -1757.59814526
3.52 -1388.34107697 -288.974836226 -1687.55697103
3.53 -1297.5677165 -277.768248757 -1651.69588991
3.54 -1204.55303877 -245.269145102 -1571.00845758
3.55 -1104.81440872 -222.295640799 -1514.41518922
3.56 -997.231167622 -192.598184021 -1449.41698017
3.57 -890.208256197 -150.57348104 -1359.76427828
3.58 -787.667980047 -119.755365526 -1302.05035158
3.59 -681.205398472 -67.6447338439 -1202.87205062
3.6 -571.941170216 -25.0597015058 -1128.34824275
3.61 -469.961224001 20.8873070679 -1050.46245875
3.62 -366.300289788 78.6012324727 -951.284158495
3.63 -263.760014422 120.065606068 -886.285950548
3.64 -166.823032858 181.701837097 -784.86633316
3.65 -68.7653925897 233.252139425 -707.540879158
3.66 24.8096126778 285.362771142 -629.655095886
3.67 118.944947322 348.679990349 -533.838772713
3.68 202.994353275 395.747657747 -473.883529622
3.69 290.405735502 464.668170762 -374.144901022
3.7 376.696459036 519.580449462 -303.543399937
3.71 453.461583276 576.734045702 -229.579922651
3.72 526.864731333 641.732253246 -137.685905461
3.73 600.26787946 689.360250196 -88.3769206412
3.74 669.748722036 758.280763499 -0.965538473207
3.75 738.108905938 811.512054322 60.1103631679
3.76 791.34019674 865.864003957 120.065606068
3.77 849.614451998 924.698588686 195.149742051
3.78 886.596190948 966.162962733 233.812468798
3.79 921.896941792 1026.67853574 301.612322971
3.8 953.275387011 1068.70323927 343.076696613
3.81 981.852185355 1112.96926038 380.058435279
3.82 1019.95458318 1166.20055165 438.893019547
3.83 1058.61731042 1201.50130275 461.86652389
3.84 1092.23707327 1254.17226478 515.097814465
3.85 1109.04695471 1289.47301597 544.795271327
3.86 1129.21881244 1327.01508475 571.691081326
3.87 1125.29650677 1367.91912988 610.914137592
3.88 1120.25354234 1389.77197594 610.914137592
3.89 1086.07345008 1422.27108036 638.930606368
3.9 1075.98752122 1441.8826089 639.490935744
3.91 1055.81566352 1460.93380808 638.930606368
3.92 1023.87688884 1485.58830114 650.137193882
3.93 984.653832253 1487.8296187 623.241383852
3.94 954.956375148 1508.56180607 630.525665734
3.95 911.250683598 1511.9237824 608.672820091
3.96 883.234214679 1516.40641751 585.138986329
3.97 850.735110753 1529.29399345 580.096021952
3.98 814.874030586 1521.44938201 541.433295078
3.99 782.935256084 1531.53531101 537.510989454
4.0 750.996481601 1527.0526759 510.615179468
4.01 708.411448987 1520.32872323 482.598710741
4.02 671.429710164 1525.37168773 471.952452628
4.03 624.362042603 1506.8808179 424.884785194
4.04 572.811740076 1503.51884157 412.557538966
4.05 523.502755085 1487.26928931 369.972506551
4.06 473.633440751 1469.89907828 330.749450394
4.07 420.962479576 1459.25281991 309.456934199
4.08 364.369212813 1431.23635055 251.182679369
4.09 309.456934199 1421.71075097 229.329833813
4.1 253.984326235 1396.49592857 178.900190232
4.11 188.425789574 1370.16044743 131.8325229
4.12 133.513511019 1349.98858954 102.135066134
4.13 70.7566212524 1312.44652074 34.8955413892
4.14 8.56006086521 1291.15400413 5.75841400097
4.15 -49.1538645389 1255.29292354 -53.6364995219
4.16 -111.910754304 1221.67316054 -105.747131202
4.17 -171.305667843 1194.21702077 -143.289199191
4.18 -234.062557637 1149.95099957 -213.330370828
4.19 -294.578129961 1125.29650677 -247.510462596
4.2 -356.214361059 1081.59081503 -307.465705551
4.21 -421.212568438 1043.48841715 -362.377984171
4.22 -478.926493992 1011.54964248 -403.282028467
4.23 -531.597455213 962.800986457 -476.12484712
4.24 -589.311380849 933.663858747 -511.985927095
4.25 -645.344318408 891.639155353 -570.820511466
4.26 -694.653303501 850.174781376 -622.931143379
4.27 -740.600312377 818.23600685 -655.99057655
4.28 -791.02995631 768.927021659 -722.669772323
4.29 -831.373671493 739.789894068 -749.565582406
4.3 -868.355410441 698.325520215 -801.115885103
4.31 -909.25945507 659.102463894 -844.261247184
4.32 -940.63790029 629.405006983 -871.157057332
4.33 -976.498980571 584.018327578 -926.629665814
4.34 -1003.3947908 557.68284695 -944.560205944
4.35 -1030.29060105 520.140778837 -988.826226925
4.36 -1057.18641132 485.960686988 -1025.24763663
4.37 -1075.11695151 460.185535767 -1042.05751804
4.38 -1102.01276181 418.72116208 -1089.12518604
4.39 -1114.3400082 399.669963364 -1100.33177367
4.4 -1135.07219533 366.610530308 -1131.14988966
4.41 -1141.79614792 340.835379118 -1153.00273556
4.42 -1141.79614792 324.025497911 -1154.68372371
4.43 -1138.43417162 291.526394249 -1187.1828279
4.44 -1129.46890151 278.638818661 -1179.33821654
4.45 -1123.86560769 256.785973101 -1196.70842741
4.46 -1098.09045614 244.45872689 -1202.87205062
4.47 -1072.3153046 240.536421277 -1184.38118098
4.48 -1044.85916494 222.045551962 -1196.70842741
4.49 -1026.36829539 222.605881335 -1170.37294641
4.5 -992.748532583 214.76127011 -1166.45064074
4.51 -960.249428565 212.519952618 -1155.80438247
4.52 -909.819784448 222.045551962 -1121.06396078
4.53 -853.226517232 220.364563842 -1115.46066697
4.54 -796.072920706 237.734774411 -1069.5136577
4.55 -739.479653623 242.77773877 -1043.73850618
4.56 -674.481445958 259.027290595 -1007.87742584
4.57 -607.802250238 282.561124275 -956.327122909
4.58 -543.364372087 293.767711743 -931.112300846
4.59 -476.685176494 325.706486031 -864.993434172
4.6 -405.523345963 345.878343481 -825.210048338
4.61 -335.482174232 373.334482793 -774.780404371
4.62 -274.406272516 408.635233348 -709.221867287
4.63 -204.365100857 429.367420187 -675.041775334
4.64 -129.280964866 471.952452628 -603.319615234
4.65 -65.9637457253 497.727603852 -557.932935837
4.66 4.63775525528 534.149013205 -503.0206571
4.67 78.6012324727 577.854704452 -434.660473418
4.68 155.366356565 606.991831964 -394.316758483
4.69 231.571151306 658.542134519 -311.94834054
4.7 309.456934199 697.204861462 -257.596391315
4.71 390.704693382 743.151870327 -195.399830886
4.72 470.271464505 796.943490512 -117.514048034
4.73 556.001858825 835.045888177 -69.8860513355
4.74 647.895876379 896.682119758 16.9650014579
4.75 724.100671525 944.310116946 77.480573727
4.76 804.788101793 996.420749225 146.401086597
4.77 880.992897166 1056.3759929 228.76950444
4.78 952.715057632 1098.96102584 278.638818661
4.79 1032.84215892 1162.83857536 367.170859682
4.8 1111.84860161 1214.38887856 426.005443942
4.81 1189.73438571 1272.10280506 495.486286354
4.82 1253.61193539 1331.49771983 575.053057576
4.83 1339.34233122 1380.80670576 625.482701354
4.84 1388.65131716 1444.68425584 709.532107739
4.85 1462.05446685 1495.11390074 767.246033528
4.86 1543.30222819 1552.82782781 831.123582534
4.87 1615.58471951 1616.7053783 911.250683598
4.88 1680.02259956 1663.77304718 956.637363286
4.89 1759.58937342 1733.81422129 1041.80742901
4.9 1830.19087722 1787.04551376 1099.52135522
4.91 1913.119628 1850.92306488 1167.8815398
4.92 2163.58687059 1953.46334472 1294.51598043
4.93 2373.15006943 2039.193743 1393.13395225
4.94 2493.06056404 2137.25138855 1527.0526759
4.95 2510.99110536 2196.64630554 1606.61944926
4.96 2400.60621064 2235.86936403 1650.88547117
4.97 2283.49736374 2269.48912852 1680.58292895
4.98 2193.2843291 2282.37670492 1663.77304718
4.99 2098.02833027 2308.15185776 1664.89370597
5.0 1995.48804971 2310.3931754 1625.11031916
5.01 1880.62052293 2310.95350481 1583.64594425
5.02 1760.14970281 2309.27251658 1540.50058124
5.03 1640.23921273 2285.17835197 1453.08919665
5.04 1505.19982974 2273.97176379 1397.61658735
5.05 1370.16044743 2239.79166988 1302.36059181
5.06 1228.95744252 2204.49091723 1211.58723164
5.07 1088.87509698 2172.55214108 1128.65848306
5.08 949.353081357 2119.32084761 1010.42898372
5.09 809.831066189 2079.53745997 928.620894337
5.1 666.38674578 2021.82353155 813.193042454
5.11 526.864731333 1966.9112503 707.851119611
5.12 394.626998999 1913.6799574 608.672820091
5.13 250.622349995 1838.59581816 478.676405121
5.14 107.738359864 1783.68353739 384.54107027
5.15 -34.0249714715 1705.79775163 257.906631848
5.16 -187.555219663 1631.27394247 139.116804748
5.17 -341.645797342 1557.87079231 28.1715889149
5.18 -495.176045854 1465.41644318 -116.393389288
5.19 -655.99057655 1388.65131716 -222.855970172
5.2 -819.606754562 1291.71433351 -366.860619162
5.21 -984.343591886 1199.25998522 -497.417363353
5.22 -1153.00273556 1106.2453078 -624.612131505
5.23 -1321.66188006 994.739761086 -782.625015651
5.24 -1479.67476712 901.725084164 -907.018137555
5.25 -1639.36864329 791.900526117 -1056.06575256
5.26 -1773.28736832 689.920579572 -1191.10513358
5.27 -1888.1548946 596.905903209 -1307.65364543
5.28 -1984.53155128 491.563980733 -1443.81368629
5.29 -2093.23545531 405.833586478 -1540.19034113
5.3 -2132.45851361 316.180886681 -1646.09259599
5.31 -2235.5591244 223.726540081 -1746.95188676
5.32 -2223.23187743 159.848991549 -1806.34680265
5.33 -2189.612113 90.9284786763 -1879.18962424
5.34 -2204.18067758 36.0162001349 -1911.68872933
5.35 -2186.25013656 -23.3787133873 -1954.27376367
5.36 -2158.79399566 -70.4463807084 -1977.80759848
5.37 -2133.01884301 -109.669436812 -1986.21253949
5.38 -1950.35145787 -129.841294239 -1972.20430447
5.39 -1783.37329743 -121.436353645 -1910.56807053
5.4 -1796.82120292 -153.375127905 -1897.68049437
5.41 -1799.6228499 -179.150279066 -1876.94830664
5.42 -1776.64934469 -191.477525274 -1843.88887221
5.43 -1725.65936979 -216.132017694 -1841.08722522
5.44 -1684.19499468 -218.93366456 -1799.6228499
5.45 -1574.37043392 -222.855970172 -1770.48572134
5.46 -1525.06144761 -225.657617038 -1737.42628706
5.47 -1475.7524614 -220.614652679 -1689.23795921
5.48 -1420.27985202 -225.657617038 -1670.18675986
5.49 -1352.47999626 -207.166747723 -1610.23151493
5.5 -1287.48178758 -203.804771484 -1579.41339843
5.51 -1216.8802852 -189.796537155 -1532.90605907
5.52 -1141.23581853 -165.702374112 -1471.83015569
5.53 -1063.91036389 -154.495786651 -1440.45170997
5.54 -989.386556304 -121.996683017 -1367.0485603
5.55 -907.578466934 -101.264496218 -1322.78253883
5.56 -838.097624027 -74.3686863186 -1267.87025912
5.57 -756.849864306 -39.6282652002 -1198.38941555
5.58 -680.645069096 -16.0944315402 -1155.24405309
5.59 -593.794015852 30.4129064063 -1074.55662213
5.6 -509.184280221 62.3516806593 -1019.08401345
5.61 -421.212568438 103.816054253 -949.603170357
5.62 -329.878880495 151.444050954 -870.596727954
5.63 -242.467498236 187.865460201 -818.486095806
5.64 -156.737104143 244.45872689 -729.954054219
5.65 -65.9637457253 287.604088635 -667.757493445
5.66 25.3699420507 338.03373225 -594.914674603
5.67 109.419347982 393.506340251 -509.744609596
5.68 199.632377036 438.893019547 -452.03068402
5.69 296.009029236 503.891226972 -354.533372938
5.7 399.669963364 556.001858825 -285.612859985
5.71 494.92595698 617.638090097 -202.123783364
5.72 596.345573833 685.99827394 -106.867789948
5.73 688.79992082 735.867588432 -43.5505708102
5.74 780.133609198 812.072383699 58.4293750493
5.75 864.743345201 866.984662713 126.789558543
5.76 952.154728253 932.543199989 207.47698826
5.77 1039.56611148 1001.46371364 296.009029236
5.78 1115.2105779 1056.3759929 355.403942834
5.79 1189.17405633 1130.89980059 450.099607031
5.8 1253.05160601 1184.13109189 507.813532595
5.81 1309.64487382 1246.32765341 578.975363202
5.82 1362.31583602 1309.08454443 652.938840761
5.83 1415.54712771 1356.71254217 695.523873334
5.84 1450.8478791 1420.5900922 769.487351036
5.85 1476.06270155 1463.73545501 806.469089925
5.86 1475.50237216 1507.44114729 845.131816976
5.87 1459.25281991 1550.58651025 883.234214679
5.88 1382.48769392 1564.0344156 869.786309603
5.89 1369.03978865 1602.69714353 896.682119758
5.9 1371.2811062 1626.79130734 892.759814109
5.91 1367.91912988 1657.04909448 900.604425407
5.92 1344.38529569 1683.94490531 912.931671734
5.93 1321.4117909 1696.27215195 893.880472866
5.94 1295.07630982 1722.60763342 907.328377948
5.95 1257.53424108 1727.65059796 885.475532192
5.96 1216.06986671 1738.85718584 872.027627116
5.97 1165.64022227 1745.58113857 859.140051422
5.98 1112.96926038 1739.97784463 817.675677473
5.99 1060.85862794 1748.94311493 810.391395567
6.0 985.774491012 1735.49520948 762.763398513
6.01 909.569695463 1725.40928039 724.100671525
6.02 844.571487598 1718.12499828 692.161897077
6.03 784.055914838 1694.59116377 630.525665734
6.04 715.695730879 1684.5052347 603.069526337
6.05 651.818182009 1658.73008266 541.993624453
6.06 582.337339453 1637.99789516 493.244968856
6.07 512.856496966 1615.58471951 450.659936405
6.08 446.177301411 1582.52528547 381.179094027
6.09 375.015470915 1561.79309804 348.119660976
6.1 309.456934199 1525.93201712 280.319806781
6.11 236.614115665 1495.11390074 226.528186947
6.12 163.210967787 1467.65776073 181.701837097
6.13 99.3334192699 1422.83140974 104.936712999
6.14 23.1286245593 1397.05625796 66.8343156423
6.15 -48.0332057932 1352.22990708 -7.12916157455
6.16 -120.315694899 1313.56717951 -64.8430869795
6.17 -195.960160259 1274.3441226 -118.63470678
6.18 -272.164955023 1220.55250177 -198.761807125
6.19 -346.128432332 1188.05339756 -240.786510116
6.2 -422.333227186 1134.26177688 -316.991304902
6.21 -504.141315849 1087.19410884 -377.506877265
6.22 -591.552698351 1038.44545272 -438.582779037
6.23 -681.205398472 977.929879699 -527.114820214
6.24 -793.27127382 928.620894337 -585.389075222
6.25 -894.690891225 860.821039555 -680.645069096
6.26 -984.903921266 803.107113662 -756.849864306
6.27 -1066.71201079 746.513846587 -827.451365849
6.28 -1159.72668815 676.472674547 -925.509007056
6.29 -1256.10334206 623.801713228 -987.145238785
6.3 -1308.21397482 559.363835075 -1071.75497522
6.31 -1378.25514802 501.649909474 -1140.67548915
6.32 -1447.17566262 448.418618908 -1200.63073309
6.33 -1503.20860144 382.860082148 -1283.55948189
6.34 -1551.95725831 338.594061624 -1325.02385637
6.35 -1602.38690345 276.957830541 -1397.30634716
6.36 -1628.16205545 229.329833813 -1445.49467445
6.37 -1650.57523113 184.503483963 -1485.278061
6.38 -1675.22972439 131.272193527 -1541.8713293
6.39 -1680.83301832 101.014407389 -1556.43989343
6.4 -1683.07433589 56.1880575578 -1597.90426833
6.41 -1669.62643047 26.4906007964 -1613.59349128
6.42 -1657.29918383 0.715449645338 -1619.75711458
6.43 -1623.67942032 -33.4646420987 -1646.09259599
6.44 -1583.89603356 -44.671229556 -1623.67942032
6.45 -1534.58704723 -63.7224282337 -1628.72238484
6.46 -1467.90784997 -70.4463807084 -1606.86953858
6.47 -1411.87491122 -73.2480275728 -1574.93076331
6.48 -1346.31637302 -82.2132975392 -1562.60351672
6.49 -1280.75783496 -67.6447338439 -1509.37222472
6.5 -1214.63896767 -70.4463807084 -1484.71773162
6.51 -1144.03746544 -58.1191345049 -1437.65006303
6.52 -1081.2805747 -40.7489239459 -1385.53943004
6.53 -1004.51544956 -32.9043127258 -1355.84197258
6.54 -938.956912153 -6.5688322017 -1288.60244635
6.55 -859.950469769 7.43940211952 -1249.37938945
6.56 -776.461392502 34.8955413892 -1192.22579234
6.57 -698.575609136 65.7136568966 -1127.78791337
6.58 -621.810484627 87.0061730661 -1086.88386851
6.59 -541.123054587 128.470546662 -1005.07577894
6.6 -459.314965887 155.926685938 -955.20646415
6.61 -381.989512256 195.149742051 -888.527268062
6.62 -302.42274119 237.174445038 -813.443131408
6.63 -221.174982052 270.233878061 -766.375463715
6.64 -146.651175429 320.66352167 -684.007045353
6.65 -66.5240750981 353.722954713 -631.336084014
6.66 10.8013783566 399.109633991 -561.855241463
6.67 92.609466795 449.539277657 -489.572752108
6.68 167.133273398 487.641675111 -443.625743406
6.69 251.743008742 547.596918201 -351.731726069
6.7 335.792414756 590.742280081 -299.060764948
6.71 413.11786834 645.0942295 -223.416299545
6.72 497.167274478 701.687496472 -144.409857937
6.73 579.535692577 747.634505341 -89.497579387
6.74 660.223122646 809.831066189 1.27577901819
6.75 739.229564691 859.7003808 57.3087163035
6.76 819.356665605 918.53496552 134.073840392
6.77 900.604425407 979.610867838 214.76127011
6.78 977.36955032 1028.35952388 267.992560568
6.79 1055.81566352 1097.2800377 359.32624845
6.8 1134.82210626 1147.14935266 413.678197714
6.81 1197.01866769 1208.78558473 488.202004486
6.82 1257.53424108 1269.30115814 560.484493825
6.83 1332.6183786 1317.4894852 609.793478841
6.84 1469.33874889 1397.61658735 713.454413374
6.85 1522.0097114 1452.52886726 768.927021659
6.86 1579.72363852 1513.04444118 840.088852576
6.87 1628.47229551 1572.43935645 910.130024841
6.88 1657.04909448 1617.82603708 947.111763841
6.89 1688.42754045 1677.78128199 1016.03227752
6.9 1696.27215195 1713.64236313 1044.60907591
6.91 1701.31511648 1762.39102039 1087.75443822
6.92 1680.02259956 1801.05374864 1119.69321295
6.93 1667.13502354 1824.02725386 1118.57255419
6.94 1636.87723638 1861.00899402 1148.27001142
6.95 1598.2145084 1874.45689955 1134.82210626
6.96 1553.3881572 1893.50809907 1132.02045935
6.97 1500.71719463 1909.19732221 1123.05518924
6.98 1440.20162074 1908.63699281 1084.39246194
6.99 1375.2034119 1922.08489837 1077.66850936
7.0 1295.07630982 1911.43863981 1027.23886512
7.01 1214.38887856 1908.07666342 992.498443567
7.02 1133.14111811 1900.79238124 952.715057632
7.03 1039.0057821 1875.57755835 885.475532192
7.04 954.396045769 1866.61228799 849.614451998
7.05 868.105321469 1834.67351239 772.288997921
7.06 772.849327297 1809.45868957 712.333754621
7.07 682.636297683 1783.68353739 655.740487639
7.08 592.423268207 1741.65883281 571.691081326
7.09 502.770568223 1715.8836807 522.382096336
7.1 407.5145746 1671.05732928 437.212031425
7.11 319.542862923 1634.07558942 369.412177177
7.12 228.76950444 1594.29220267 303.293311091
7.13 135.194499138 1542.7418988 215.321599484
7.14 45.5417994734 1506.8808179 161.529979668
7.15 -44.1109001831 1449.16689094 69.6359625067
7.16 -142.168540445 1402.65955182 -3.76718533745
7.17 -236.30387513 1351.10924831 -74.9290156915
7.18 -332.680527363 1288.91268659 -173.546985335
7.19 -434.100144044 1241.84501834 -235.743545757
7.2 -541.683383962 1172.36417485 -335.482174232
7.21 -646.464977159 1115.2105779 -415.048945322
7.22 -756.289534929 1051.89335785 -498.538022102
7.23 -876.200021737 975.688562181 -606.121262112
7.24 -992.748532583 915.172989248 -681.765727848
7.25 -1118.26231388 831.123582534 -796.072920706
7.26 -1248.25873068 758.280763499 -891.328914954
7.27 -1367.60888968 683.196627059 -988.826226925
7.28 -1476.31279079 597.466232584 -1105.93506748
7.29 -1591.18031564 529.106048832 -1189.42414543
7.3 -1702.12553526 438.893019547 -1305.41232789
7.31 -1828.7599785 361.007236571 -1405.15095857
7.32 -1937.46388168 279.759477408 -1500.4069545
7.33 -1982.29023368 200.753035782 -1606.30920919
7.34 -2004.14308032 146.401086597 -1659.5405014
7.35 -2038.32317382 74.6789268626 -1741.34859282
7.36 -2074.18425559 15.8443427122 -1796.26087352
7.37 -2125.73456075 -44.1109001831 -1851.73348376
7.38 -2176.72453665 -113.591742423 -1924.5763055
7.39 -2222.67154802 -164.581715366 -1957.63574007
7.4 -2255.1706537 -228.459263904 -2022.63395056
7.41 -2266.93757128 -277.207919384 -2057.9347029
7.42 -2241.16241848 -317.551634276 -2078.66689081
7.43 -2229.39550091 -366.860619162 -2117.88994909
7.44 -2198.57738351 -389.834123491 -2110.60566683
7.45 -2148.14773695 -424.014215308 -2128.53620777
7.46 -2085.39084366 -440.824096534 -2115.64863147
7.47 -2015.34966834 -450.910025272 -2094.91644352
7.48 -1943.62750508 -467.719906503 -2083.14952604
7.49 -1855.65578954 -460.435624636 -2028.23724458
7.5 -1757.03781587 -460.99595401 -1997.9794569
7.51 -1655.61819566 -446.427390277 -1937.46388168
7.52 -1553.07791709 -426.815862179 -1868.54336568
7.53 -1436.52940425 -412.247298452 -1815.87240238
7.54 -1322.22220944 -375.825889143 -1723.9783816
7.55 -1208.47534445 -353.973043564 -1664.58346593
7.56 -1087.44419789 -314.189658034 -1579.41339843
7.57 -972.016345534 -272.164955023 -1489.20036672
7.58 -853.78684661 -239.105521996 -1417.47820509
7.59 -741.72097113 -183.072584678 -1310.45529236
7.6 -622.931143379 -141.047881699 -1233.12983732
7.61 -508.623950846 -85.5752737766 -1135.07219533
7.62 -399.920052223 -29.5423364887 -1038.13521238
7.63 -287.854177479 20.326977695 -961.930416703
7.64 -175.227973454 87.566502439 -847.623223452
7.65 -72.127368827 139.677134121 -771.978757485
7.66 39.378176372 205.79600014 -671.119469702
7.67 149.202733462 268.552889941 -574.182487717
7.68 257.346302475 329.068462273 -494.055387105
7.69 369.412177177 406.393915852 -379.187865387
7.7 482.038381367 468.030147008 -300.741753069
7.71 598.586891335 544.234941952 -194.839501513
7.72 720.17836589 622.120725101 -87.2562618954
7.73 844.01115822 692.161897077 -2.08619721891
7.74 968.964609629 781.254267952 122.30692356
7.75 1088.87509698 852.976428265 211.399293872
7.76 1210.46657288 939.267152536 324.025497911
7.77 1327.01508475 1022.1959007 430.488078935
7.78 1445.24458523 1101.20234337 521.821766961
7.79 1556.75013353 1197.01866769 646.214888252
7.8 1659.29041205 1270.98214629 727.462647784
7.81 1767.99431434 1362.31583602 840.649181954
7.82 1881.74118172 1452.52886726 947.67209322
7.83 1979.7988265 1533.21629918 1031.72150016
7.84 2031.90946078 1616.14504891 1139.86507069
7.85 2115.95887119 1686.74655227 1212.14756102
7.86 2132.20842391 1757.90838524 1287.23169843
7.87 2178.15543513 1828.50988903 1357.27287155
7.88 2215.69750536 1887.90480509 1403.7802106
7.89 2233.6280464 1956.82532111 1474.94204277
7.9 2257.16188153 2008.37562593 1504.07917096
7.91 2282.93703433 2071.13251892 1557.31046292
7.92 2283.49736374 2122.68282404 1598.2145084
7.93 2253.79990508 2157.42324713 1607.17977865
7.94 2240.9123287 2210.0942113 1646.96316543
7.95 2219.05948181 2234.74870521 1639.67888334
7.96 2175.35378811 2266.68748147 1646.40283604
7.97 2146.21665903 2295.26428133 1648.08382421
7.98 2092.42503624 2309.83284599 1625.11031916
7.99 2007.81529653 2329.44437535 1620.62768403
